0 0
0 0
1.18619898774719 -0.652876871540373
1.18402957630066 -0.642248621098324
1.18706608825707 -0.63450004328295
1.19005212270386 -0.626738400139609
1.19387531483741 -0.619424579414951
1.18963956983362 -0.607991711026929
1.18977478452564 -0.598882298818027
1.18984324119733 -0.589794238484977
1.19343975214865 -0.582482394896551
1.19248459083056 -0.572983154146064
1.19326591433907 -0.56437274575413
1.19308004138271 -0.555352400239676
1.1901009037383 -0.545106300522018
1.19342320980664 -0.537793717183766
1.1903011437752 -0.527624209384973
1.18984950894727 -0.518712250273005
1.1874951472226 -0.509037737551799
1.18691018110087 -0.500188461627813
1.18903301385008 -0.492513600446057
1.19203263728009 -0.485208559599693
1.18755931765789 -0.474914707353722
1.18672796414056 -0.466156607068659
1.18769983469617 -0.458146382195486
1.18581269684561 -0.449079352597478
1.18573394840018 -0.440749667066107
1.18653701016082 -0.432780489886489
1.18917016510127 -0.425491888689772
1.19175854845712 -0.418187267963934
1.18579165005508 -0.407939128398524
1.18732476542636 -0.400336051315885
1.1869102257413 -0.392102175498614
1.18548808512478 -0.383580667345519
1.18114626218518 -0.374185395975841
1.1834199858677 -0.366930974822958
1.18469216940302 -0.359372440683995
1.18208142294683 -0.350674504773249
1.18421086890878 -0.343414788167687
1.18629573000085 -0.33614214218945
1.18737222151714 -0.328590147223214
1.18936606081084 -0.321298382619713
1.18648024340025 -0.312720194230976
1.18450256932765 -0.3044384741716
1.18149811912131 -0.295949872330442
1.18134880926514 -0.288220723876789
1.18309505982286 -0.280966678179047
1.18479676752026 -0.273702054244674
1.18645386828902 -0.266427125582656
1.18611226861261 -0.258715950937535
1.17887247370197 -0.249569217199878
1.17940211092232 -0.242130003556265
1.1808655907828 -0.234888770219786
1.1813026019649 -0.227449615954532
1.18267596888425 -0.220196997778386
1.18400480872182 -0.21293608930973
1.18528907144754 -0.205667163917664
1.18652870870965 -0.198390495273119
1.18574909642243 -0.190788645142362
1.18689743214974 -0.183509433921547
1.18305520402651 -0.175489662001654
1.18113952226675 -0.167805290523745
1.17818324391862 -0.160016463826781
1.17914290751601 -0.152784255081819
1.18005817704939 -0.145546294096007
1.1799358780974 -0.138186543174261
1.17777982106392 -0.130613322475797
1.17756446692521 -0.123280016093283
1.12555396762587 -0.110857389825696
0.867313469281773 -0.0800527058421679
0.858821519684521 -0.0739572873729531
0.831348180468175 -0.0664551573336962
0.830743014136399 -0.0612792861790174
0.824119287777957 -0.0557086799072495
0.810471943846346 -0.0497924400996338
0.810762207609895 -0.0448185404122031
0.811021946634572 -0.0398429533320575
0.804257637536513 -0.0345652996990653
0.802455907703914 -0.0295562012329337
0.802622155139659 -0.0246318679600942
0.800758812408965 -0.0196575254862195
0.792865693795405 -0.0145965375964573
0.78994053590898 -0.0096945155090373
0.789985149930523 -0.00484734900449377
0.789000034332275 4.83107227604689E-17
0.786985245027758 0.00482894158753765
0.784940917167798 0.00963315787612406
0.785866850640695 0.0144676899517189
0.785763284842635 0.0192894059466698
0.781632069305192 0.0239876980733863
0.785467407628836 0.0289304777233376
0.785275107352706 0.0337494705241512
0.785053241912623 0.0385671926764748
0.773818610652573 0.0427763163449455
0.773541573193101 0.0475235728272121
0.773235412330606 0.0522690400738222
0.773897417208831 0.0570861030371012
0.773532575065351 0.0618335736896161
0.778120168167747 0.0670077024956387
0.777694368742361 0.0717808966896337
0.778234520795242 0.0766494100941138
0.776754947764776 0.0813189979407392
0.777235314996564 0.0861937732517107
0.778678207035309 0.0911938111830671
0.77810399393198 0.0959699741425222
0.777500485653067 0.100742523886693
0.776867704920314 0.10551128073178
0.777195721021213 0.110416721565196
0.778481972773473 0.115476892212154
0.777758765180079 0.120251393978676
0.777006275408767 0.125021368348182
0.78115606757349 0.130611200549914
0.780339947270812 0.135401825354592
0.777525994104531 0.139833337923696
0.778619600424145 0.144967601384977
0.777715438650243 0.149742392464622
0.777762768982825 0.154706633638132
0.77875798006826 0.159878188055759
0.780697298687611 0.165274886003304
0.786507720063157 0.171553821759102
0.788367348520942 0.177033808210812
0.787266248702217 0.181867806711086
0.786135508754194 0.186694957991231
0.785946662631851 0.191752100866136
0.784755298635888 0.196570969249324
0.78740848527464 0.202378149287469
0.788085879232392 0.207715527161209
0.795485078421561 0.21489436895544
0.796079063895223 0.220304746958301
0.812030505116517 0.230092435309408
0.898963013343772 0.260694442943689
1.2645298888734 0.375133543209062
1.27847236976047 0.387820353450457
1.27606868192604 0.395657611829884
1.27361695082697 0.403479973923851
1.21878827910112 0.394355394471383
1.15557580302605 0.381750680458651
1.14278830771408 0.385319477805999
1.1044694525372 0.37996245444121
1.07664016635875 0.377792305608118
1.04511392582204 0.373947742084611
1.01743439918903 0.371101578743601
1.00014075520995 0.371762742791318
0.970720583205 0.367621777215214
0.947920713868321 0.365653368789119
0.93449009194635 0.367075474551971
0.919221083866683 0.367604047685705
0.899350214897231 0.366074223723983
0.877685599939732 0.363549278994603
0.868987756236619 0.36620938625891
0.850180378553449 0.364442665236976
0.837844692239511 0.365256532378929
0.831930901666318 0.368769606372417
0.821447155704188 0.370169706526626
0.819160373573765 0.375203043179288
0.823188946820081 0.383176267819788
0.818110338295336 0.386937372806225
0.816622071755968 0.392383007728534
0.814199082202535 0.39738632006355
0.811745438513844 0.402374671028219
0.808368020266906 0.406898267272859
0.804965684876373 0.411395582726285
0.802426255784059 0.41632701490963
0.799856615796748 0.421242772616173
0.801666463776347 0.428499652206749
0.799022148193575 0.433410518770718
0.802480266020209 0.441680368103486
0.800628143503171 0.447083523824031
0.79873989476299 0.452480561384805
0.802884874200635 0.461358848838332
0.800038915441435 0.466276572863029
0.799745403235207 0.47270321261297
0.800260817261069 0.47965787479573
0.801575413053511 0.487155930910087
0.798571191024671 0.492065134609453
0.798081282070525 0.498545234324399
0.795007242365729 0.503432784038686
0.801160356979022 0.514243253887254
0.803019321480891 0.522421373752504
0.800633539707958 0.527889224131437
0.797379400621031 0.532791881811867
0.794923275034857 0.538235134536985
0.799027068606639 0.548194148118611
0.800574971692937 0.556511240848267
0.803685904075811 0.566019475227348
0.80019774470662 0.570940144072245
0.797489905108551 0.576425107658956
0.797165411371656 0.583670606282085
0.795175511700722 0.589742352634986
0.79793821515714 0.599415261890499
0.986041990081758 0.750228229961547
1.03369913625559 0.796549602938031
1.02879214068052 0.802877266778856
1.02384641166283 0.809174702744376
1.00637031443392 0.805443901668387
0.9936403816774 0.805307335193804
0.977858304595882 0.802507571017512
0.966762963633584 0.803379483878806
0.94957261969097 0.798994980952559
0.939323809748041 0.800266827142194
0.934395782302887 0.806015344890148
0.915875207973803 0.799892991745247
0.90870249085175 0.803510377384073
0.896304567045141 0.802400952330525
0.889882371507288 0.806542368175675
0.876811759125053 0.804550355940962
0.862334111296683 0.801067405560691
0.857402620904017 0.806343508329112
0.840126678386328 0.799867091078738
0.833762984557088 0.803619029143485
0.82666916804735 0.806624631339596
0.820992785099813 0.8109790059328
0.811758586150857 0.811758586150857
0.806762447977294 0.816724162072459
0.801735935653549 0.821658988790973
0.796679238424969 0.826562880512963
0.791592546673348 0.831435652609677
0.787161167591514 0.837005620055617
0.782010579569632 0.841819793785994
0.77818271728972 0.848075887642243
0.77296437239968 0.852834762242581
0.777721915130948 0.868737384219633
0.776351324817315 0.877987892246399
0.776211942003886 0.888760473152104
0.774009859389646 0.897292530048675
0.775623287943486 0.910398128536851
0.770666374031237 0.915905237382253
0.77334060266583 0.930615067890113
0.77205663166719 0.940753727640049
0.770047597417383 0.950134632045086
0.771076662595735 0.963429807813745
0.768870948499803 0.972850187955026
0.769039488225784 0.985433034533258
0.772744652537428 1.00280695254607
0.772026635536547 1.01469212927325
0.816237847606795 1.08657121810497
0.887592040387646 1.19677932531594
0.880232031827689 1.20220295865868
0.872838883029243 1.20758132973951
0.855538989078241 1.19907555402579
0.848165494513425 1.20430247031718
0.838476973407884 1.20619967752676
0.831060087230662 1.21132176914851
0.818565922635651 1.20894579766373
0.81113256140194 1.21394566567976
0.799815472473836 1.21305581468069
0.796174503898684 1.2238081020858
0.785949516003636 1.22446252828631
0.7810965454437 1.23348623749318
0.774043140634824 1.23910389574354
0.771671462742756 1.25234355319918
0.764492080921695 1.25790946319003
0.770640050807421 1.28573524855793
0.769351218227903 1.30163088346713
0.768903147004622 1.31928661144592
0.767270647525575 1.33525128837895
0.768921210432645 1.35733576006526
0.770816846901302 1.38036323914826
0.77872685398703 1.41485331491613
0.811989121537042 1.49695788196494
0.81693056380093 1.52836958644046
0.807537285830257 1.53335340702076
0.798113604537195 1.53827949771195
0.787294668658798 1.54047641434716
0.777378030135959 1.54438489854417
0.760781259909115 1.53479023880887
0.750472421367856 1.53763208707916
0.739291207845686 1.5386026048294
0.729836602793501 1.54310984664365
0.721620479165689 1.55027868930438
0.712094563652485 1.5546772857668
0.707061128343688 1.56904614976952
0.699041276320314 1.57701185038505
0.702938992681839 1.61243852409919
0.695395992039158 1.62223604465183
0.693972621783148 1.64674564367016
0.687299491606944 1.65928775404962
0.686153506368708 1.68570268927339
0.685080233464611 1.71309374503786
0.683696351222771 1.74053433261201
0 0
0 0
0 0
0 0
0 0
0 0
0 0
0 0
0 0
0 0
0 0
0 0
0 0
0 0
0 0
0 0
0 0
0 0
0 0
0 0
0 0
0 0
0 0
0.0013505034798978 0.00584603634752921
0.00131460745236824 0.005854212831118
0.00127866193061112 0.00586216890690251
0.00124266826795501 0.00586990427534099
0 0
0 0
0 0
0 0
0 0
0 0
0 0
0 0
0 0
0 0
0 0
0 0
0 0
0 0
0 0
0 0
0 0
0 0
0 0
0 0
0 0
0 0
0 0
0 0
0 0
0 0
0 0
0 0
0 0
0 0
0 0
0 0
0 0
0 0
0 0
0 0
0 0
0 0
0 0
0 0
0 0
0 0
0 0
0 0
0 0
0 0
0 0
0 0
0 0
0 0
0 0
0 0
0 0
0 0
0 0
0 0
0 0
0 0
0 0
0 0
0 0
0 0
0 0
0 0
0 0
0 0
0 0
0 0
0 0
0 0
0 0
0 0
0 0
0 0
0 0
0 0
0 0
0 0
0 0
0 0
0 0
0 0
0 0
0 0
0 0
0 0
0 0
0 0
0 0
0 0
0 0
0 0
0 0
0 0
-1.53776838871133 3.9148061436493
-1.52685629728057 3.81801699227996
-1.51820900201646 3.72984904081068
-1.51695721202468 3.66225867480966
-1.51881757541275 3.60404163987633
-1.51411147833931 3.53215469157432
-1.50778220205768 3.45863031338384
-1.50304007847482 3.39080408503996
-1.50081015167542 3.33046224099126
-1.49581508233236 3.26573161896009
-1.49050498383155 3.20209608713928
-1.49772560319382 3.16667472830571
-1.49980392029635 3.12137111061516
-1.49480424216718 3.06268278648934
-1.49802405801534 3.02209429030554
-1.49226011289203 2.96461167374026
-1.49312931185775 2.92156238325057
-1.49859305154209 2.88837949070864
-1.48739704470494 2.82427247151326
-1.49338496656244 2.79392676058282
-1.48713689223801 2.74163930691893
-1.4889835166908 2.70530450267552
-1.49141606357451 2.67079776046599
-1.48460939636177 2.62070209024005
-1.48023449550611 2.57599456411059
-1.48342412839797 2.54526411982486
-1.4720456664313 2.4904881618493
-1.4734185550705 2.45825034677163
-1.46873877584963 2.41669004977519
-1.46465442305497 2.376983746241
-1.46119846863173 2.33911602582144
-1.45358866486832 2.29546734465796
-1.45144076680083 2.26125825487058
-1.45383648882154 2.23470717212791
-1.44715411374203 2.1948546543919
-1.44726046761273 2.16597835590716
-1.4431429645027 2.13138804599381
-1.44261622540299 2.10270287937974
-1.435513635783 2.06507291133971
-1.43548983877696 2.03823896413761
-1.43519140345173 2.01148392907381
-1.4352047787013 1.98562017436447
-1.43082009818603 1.95418491164871
-1.42550851064001 1.92207572394497
-1.42826600057628 1.90129964271356
-1.42900613855865 1.87817520113265
-1.42402319880706 1.84798478988044
-1.42856776975667 1.8305404260001
-1.42489153294797 1.80291113658108
-1.41780621196617 1.77149281332595
-1.42487134187012 1.75809860670931
-1.41850342211021 1.7284514208999
-1.42141290312778 1.71048598868892
-1.42158016458974 1.6894894626007
-1.42089519736179 1.66779459646578
-1.41542558680986 1.64087161226313
-1.41296877845679 1.61784524578227
-1.40895842084373 1.59341318116575
-1.41470686955545 1.58026760129064
-1.41430328315484 1.560443207083
-1.40897726904454 1.53552581105167
-1.41633073742508 1.52465360502937
-1.40373645225328 1.49262355409107
-1.41011046659507 1.48108533989142
-1.41500783257963 1.46808513845258
-1.40652989019004 1.44148200908039
-1.40761776789221 1.42499870300411
-1.41209231148754 1.41209231148754
-1.405078688368 1.38794072083289
-1.39710667197498 1.36323053741779
-1.40040491575052 1.34977452783063
-1.40141815040632 1.33426099681004
-1.39646627678288 1.31330542901437
-1.39863703326989 1.29926733140346
-1.39995155113531 1.28457620127032
-1.3981748357279 1.26723180415579
-1.40443400726955 1.25729492669394
-1.40762733603426 1.24467929094469
-1.39791474858729 1.22088926604538
-1.3985648319302 1.20641032066864
-1.40061241469891 1.19326651952719
-1.39489998141821 1.17370494996652
-1.3936152756858 1.15809351725479
-1.39528391992375 1.1450799202657
-1.400729975476 1.13523780300919
-1.39673892871997 1.11787364573958
-1.39258803477229 1.1006016100131
-1.39852660095271 1.09142087161329
-1.39806819203016 1.07732571710939
-1.39828551198194 1.06388295345121
-1.40158894483338 1.05288077256042
-1.3967779631207 1.03592113936921
-1.3990737278667 1.02437737429199
-1.39641779278065 1.00932973744778
-1.39607233261709 0.996095957520993
-1.39234699293624 0.980601389522201
-1.39751649852534 0.971468842019414
-1.39355596889007 0.956086792595741
-1.39525595258886 0.944714790647266
-1.39188015161119 0.930024583850473
-1.39171645878116 0.917613471332863
-1.39480593882142 0.907420799456536
-1.39109047561666 0.892903507270529
-1.39654304165502 0.884351127919419
-1.40024670868217 0.874705796483313
-1.3919658340974 0.857704188712385
-1.39634780677708 0.848627720620138
-1.38866268584793 0.832332382562039
-1.39202192844384 0.822778392900096
-1.39358824741022 0.812207430717413
-1.39681155444609 0.802644801902557
-1.3947494857469 0.790115824237367
-1.39695198628547 0.7800802678616
-1.4008361650025 0.771011897998994
-1.39938757596714 0.759064434737394
-1.392553778175 0.744335501844884
-1.3917859008051 0.732981062061025
-1.39448193169087 0.723506360592605
-1.39800454220017 0.714481255658445
-1.39878934852329 0.704091388976436
-1.39770740515955 0.692830573060482
-1.40103350572956 0.683802722574318
-1.39709077739082 0.671295450199668
-1.39575949530805 0.660145076896552
-1.38527834197963 0.644816462881096
-1.38648126091806 0.635055118862714
-1.37941134554169 0.621605771488658
-1.38137097487051 0.612319640533801
-1.38235203722256 0.602633299846127
-1.37407532222622 0.589018148737478
-1.37489904161135 0.579410849672958
-1.37750443495805 0.570581019188713
-1.3772747298729 0.560610059620093
-1.37511756627981 0.549920788676654
-1.36822745941556 0.53745111723329
-1.3714994409802 0.529045714003113
-1.37471978636607 0.520620392500821
-1.37601372044088 0.511478641546014
-1.37255000542129 0.500627337076841
-1.37465437108426 0.491859198803968
-1.37387215967262 0.482090810868534
-1.37207631840548 0.472025264641211
-1.37399915216013 0.463277959918268
-1.37681590713694 0.454838538535905
-1.37672650074821 0.445458437360573
-1.37466734019248 0.435492588422832
-1.37062763572686 0.424976542987647
-1.37320944109533 0.416558529854561
-1.36998728482631 0.406418376370783
-1.36189057453663 0.394940947969032
-1.36332608306716 0.386304475752113
-1.3647069174385 0.37766526687367
-1.36699853772998 0.369284473206444
-1.36730476325593 0.360380051430903
-1.36561623605585 0.350987945467094
-1.36774415026276 0.342602074518759
-1.36690603761954 0.33349222900502
-1.3679535904305 0.324867704429353
-1.36212657514295 0.314667335342397
-1.36403169596763 0.30630356027611
-1.36588546176991 0.297928253053902
-1.36377446703094 0.288713269472893
-1.36552030568017 0.280339871710022
-1.36427235684279 0.271370644250225
-1.3659117737715 0.262994517962919
-1.36356739357259 0.253876339955099
-1.36313108589673 0.24515086468333
-1.3646096427666 0.236782234682844
-1.36603682285469 0.228404689965051
-1.3664252248737 0.219859680372993
-1.35786596969022 0.209943343619727
-1.35813937365216 0.201460945205406
-1.35637987080445 0.192701805324483
-1.35753673338585 0.184375587339764
-1.35765072938022 0.175913923602876
-1.35870455953232 0.16758022380366
-1.35871397686362 0.159123890637249
-1.35966476529486 0.150783982941747
-1.36056436311617 0.142438398314511
-1.35444647374212 0.133401333971024
-1.35026067954316 0.124628551058046
-1.35000360851082 0.11625535986317
-1.35168839143312 0.108049391132645
-1.35232592488154 0.099753553081957
-1.35391031371351 0.0915214064375972
-1.3544463915273 0.0832122460627385
-1.35792680386298 0.0750655331051525
-1.35836183472691 0.0667320377872071
-1.35874572403551 0.0583960300457562
-1.35707983829816 0.0499842102286538
-1.3563615320296 0.0416257113626409
-1.35559166393576 0.0332779074919685
-1.35577033470752 0.0249595269634991
-1.35189831417963 0.0165911212017686
-1.35497451158106 0.0083141238166371
-1.35200011730194 8.27833967008278E-17
-1.34997461047292 -0.00828344442264933
-1.34589872401009 -0.0165174914571199
-1.34577203842468 -0.0247754598399811
-1.34559468528267 -0.0330324954407825
-1.34536667126129 -0.0412882873868006
-1.34508800494514 -0.0495425248521352
-1.34775595097059 -0.0579237127410957
-1.34837388969012 -0.0662413615118789
-1.34794205757946 -0.0745135811880387
-1.34845764096719 -0.0828443190718046
-1.3489217031378 -0.0911841871613763
-1.34933403258751 -0.0995328578477115
-1.34869790962111 -0.107810342146926
-1.34900736811062 -0.11616956876935
-1.34826917035444 -0.124444735511633
-1.34648497979434 -0.132617195259287
-1.34465141629707 -0.140772461208687
-1.3437623400304 -0.149020437190609
-1.34282267187113 -0.157262802637296
-1.34183244719723 -0.16549924722835
-1.34575024732961 -0.174371950807528
-1.34465498778531 -0.182626036589018
-1.34350910274072 -0.19087324660345
-1.34231263533777 -0.19911327034803
-1.34106563062278 -0.20734579759052
-1.33976813554477 -0.215570518380924
-1.3413790263619 -0.224281846225459
-1.33800707782881 -0.232166251784251
-1.33852573972546 -0.240725742292587
-1.33997281405856 -0.249483373741593
-1.33841678824585 -0.257700595907653
-1.33681037179754 -0.26590811579193
-1.33515362519431 -0.274105624385939
-1.33638158344978 -0.282914151532061
-1.33559757164395 -0.291321829274984
-1.33476054366877 -0.299730503221037
-1.33289630538515 -0.307914797609213
-1.33487370999641 -0.317011747257561
-1.3377609486849 -0.326381527606489
-1.33573312630809 -0.334583730435741
-1.33462346623054 -0.34302224594031
-1.33249359738778 -0.351204884282314
-1.33224444002344 -0.359895912568599
-1.33001108109313 -0.368063635838213
-1.32868969966777 -0.376490103316027
-1.32635458761416 -0.384635702727909
-1.33259793067725 -0.395326506559204
-1.3301471670548 -0.403495731835776
-1.32860139608371 -0.411945895149553
-1.33081525869962 -0.421600313602088
-1.33010627454929 -0.43037383406378
-1.33028900274382 -0.439468125478451
-1.3285150645761 -0.44794186944722
-1.32668718752865 -0.456410377752945
-1.32669241927345 -0.465535471897969
-1.32757721272144 -0.475014722198519
-1.32463758591352 -0.483151640820718
-1.32727204891345 -0.493360854223701
-1.3260903125225 -0.502203915186217
-1.32484984552704 -0.511050979337497
-1.32727379656705 -0.521364178105399
-1.32404978055587 -0.529498362485665
-1.32355445456501 -0.538743596749649
-1.32022387046131 -0.546854632513776
-1.31868669487855 -0.555721805898228
-1.31617107331118 -0.564196617524246
-1.3200178987391 -0.575458870644412
-1.32194739742058 -0.585978980243912
-1.32379717846971 -0.59654429338772
-1.32011193138959 -0.604655730395947
-1.32453640124542 -0.616542431456629
-1.32072843398126 -0.62465802779124
-1.31687074203803 -0.632750106104163
-1.31386207998612 -0.64125694618119
-1.3143826020355 -0.651527242416686
-1.31125332271019 -0.660029456373583
-1.32142598257224 -0.675344082789632
-1.31725727371107 -0.683439487029585
-1.31303897085806 -0.691509160159133
-1.31053505264986 -0.700495579695208
-1.30709127542631 -0.709000506486524
-1.30184021344545 -0.71652511473974
-1.29829232699725 -0.724987140681664
-1.29381944954375 -0.732939664962961
-1.31097399598514 -0.753320274275776
