0 0
0 0
1.18619898774719 -0.652876871540373
1.18402957630066 -0.642248621098324
1.18706608825707 -0.63450004328295
1.19005212270386 -0.626738400139609
1.19387531483741 -0.619424579414951
1.18963956983362 -0.607991711026929
1.18977478452564 -0.598882298818027
1.18984324119733 -0.589794238484977
1.19343975214865 -0.582482394896551
1.19248459083056 -0.572983154146064
1.19326591433907 -0.56437274575413
1.19308004138271 -0.555352400239676
1.1901009037383 -0.545106300522018
1.19342320980664 -0.537793717183766
1.1903011437752 -0.527624209384973
1.18984950894727 -0.518712250273005
1.1874951472226 -0.509037737551799
1.18691018110087 -0.500188461627813
1.18903301385008 -0.492513600446057
1.19203263728009 -0.485208559599693
1.18755931765789 -0.474914707353722
1.18672796414056 -0.466156607068659
1.18769983469617 -0.458146382195486
1.18581269684561 -0.449079352597478
1.18573394840018 -0.440749667066107
1.18653701016082 -0.432780489886489
1.18917016510127 -0.425491888689772
1.19175854845712 -0.418187267963934
1.18579165005508 -0.407939128398524
1.18732476542636 -0.400336051315885
1.1869102257413 -0.392102175498614
1.18548808512478 -0.383580667345519
1.18114626218518 -0.374185395975841
1.1834199858677 -0.366930974822958
1.18469216940302 -0.359372440683995
1.18208142294683 -0.350674504773249
1.18421086890878 -0.343414788167687
1.18629573000085 -0.33614214218945
1.18737222151714 -0.328590147223214
1.18936606081084 -0.321298382619713
1.18648024340025 -0.312720194230976
1.18450256932765 -0.3044384741716
1.18149811912131 -0.295949872330442
1.18134880926514 -0.288220723876789
1.18309505982286 -0.280966678179047
1.18479676752026 -0.273702054244674
1.18645386828902 -0.266427125582656
1.18611226861261 -0.258715950937535
1.17887247370197 -0.249569217199878
1.17940211092232 -0.242130003556265
1.1808655907828 -0.234888770219786
1.1813026019649 -0.227449615954532
1.18267596888425 -0.220196997778386
1.18400480872182 -0.21293608930973
1.18528907144754 -0.205667163917664
1.18652870870965 -0.198390495273119
1.18574909642243 -0.190788645142362
1.18689743214974 -0.183509433921547
1.18305520402651 -0.175489662001654
1.18113952226675 -0.167805290523745
1.17818324391862 -0.160016463826781
1.17914290751601 -0.152784255081819
1.18005817704939 -0.145546294096007
1.1799358780974 -0.138186543174261
1.17777982106392 -0.130613322475797
1.17756446692521 -0.123280016093283
1.12555396762587 -0.110857389825696
0.867313469281773 -0.0800527058421679
0.858821519684521 -0.0739572873729531
0.831348180468175 -0.0664551573336962
0.830743014136399 -0.0612792861790174
0.824119287777957 -0.0557086799072495
0.810471943846346 -0.0497924400996338
0.810762207609895 -0.0448185404122031
0.811021946634572 -0.0398429533320575
0.804257637536513 -0.0345652996990653
0.802455907703914 -0.0295562012329337
0.802622155139659 -0.0246318679600942
0.800758812408965 -0.0196575254862195
0.792865693795405 -0.0145965375964573
0.78994053590898 -0.0096945155090373
0.789985149930523 -0.00484734900449377
0.789000034332275 4.83107227604689E-17
0.786985245027758 0.00482894158753765
0.784940917167798 0.00963315787612406
0.785866850640695 0.0144676899517189
0.785763284842635 0.0192894059466698
0.781632069305192 0.0239876980733863
0.785467407628836 0.0289304777233376
0.785275107352706 0.0337494705241512
0.785053241912623 0.0385671926764748
0.773818610652573 0.0427763163449455
0.773541573193101 0.0475235728272121
0.773235412330606 0.0522690400738222
0.773897417208831 0.0570861030371012
0.773532575065351 0.0618335736896161
0.778120168167747 0.0670077024956387
0.777694368742361 0.0717808966896337
0.778234520795242 0.0766494100941138
0.776754947764776 0.0813189979407392
0.777235314996564 0.0861937732517107
0.778678207035309 0.0911938111830671
0.77810399393198 0.0959699741425222
0.777500485653067 0.100742523886693
0.776867704920314 0.10551128073178
0.777195721021213 0.110416721565196
0.778481972773473 0.115476892212154
0.777758765180079 0.120251393978676
0.777006275408767 0.125021368348182
0.78115606757349 0.130611200549914
0.780339947270812 0.135401825354592
0.777525994104531 0.139833337923696
0.778619600424145 0.144967601384977
0.777715438650243 0.149742392464622
0.777762768982825 0.154706633638132
0.77875798006826 0.159878188055759
0.780697298687611 0.165274886003304
0.786507720063157 0.171553821759102
0.788367348520942 0.177033808210812
0.787266248702217 0.181867806711086
0.786135508754194 0.186694957991231
0.785946662631851 0.191752100866136
0.784755298635888 0.196570969249324
0.78740848527464 0.202378149287469
0.788085879232392 0.207715527161209
0.795485078421561 0.21489436895544
0.796079063895223 0.220304746958301
0.812030505116517 0.230092435309408
0.898963013343772 0.260694442943689
1.2645298888734 0.375133543209062
1.27847236976047 0.387820353450457
1.27606868192604 0.395657611829884
1.27361695082697 0.403479973923851
1.21878827910112 0.394355394471383
1.15557580302605 0.381750680458651
1.14278830771408 0.385319477805999
1.1044694525372 0.37996245444121
1.07664016635875 0.377792305608118
1.04511392582204 0.373947742084611
1.01743439918903 0.371101578743601
1.00014075520995 0.371762742791318
0.970720583205 0.367621777215214
0.947920713868321 0.365653368789119
0.93449009194635 0.367075474551971
0.919221083866683 0.367604047685705
0.899350214897231 0.366074223723983
0.877685599939732 0.363549278994603
0.868987756236619 0.36620938625891
0.850180378553449 0.364442665236976
0.837844692239511 0.365256532378929
0.831930901666318 0.368769606372417
0.821447155704188 0.370169706526626
0.819160373573765 0.375203043179288
0.823188946820081 0.383176267819788
0.818110338295336 0.386937372806225
0.816622071755968 0.392383007728534
0.814199082202535 0.39738632006355
0.811745438513844 0.402374671028219
0.808368020266906 0.406898267272859
0.804965684876373 0.411395582726285
0.802426255784059 0.41632701490963
0.799856615796748 0.421242772616173
0.801666463776347 0.428499652206749
0.799022148193575 0.433410518770718
0.802480266020209 0.441680368103486
0.800628143503171 0.447083523824031
0.79873989476299 0.452480561384805
0.802884874200635 0.461358848838332
0.800038915441435 0.466276572863029
0.799745403235207 0.47270321261297
0.800260817261069 0.47965787479573
0.801575413053511 0.487155930910087
0.798571191024671 0.492065134609453
0.798081282070525 0.498545234324399
0.795007242365729 0.503432784038686
0.801160356979022 0.514243253887254
0.803019321480891 0.522421373752504
0.800633539707958 0.527889224131437
0.797379400621031 0.532791881811867
0.794923275034857 0.538235134536985
0.799027068606639 0.548194148118611
0.800574971692937 0.556511240848267
0.803685904075811 0.566019475227348
0.80019774470662 0.570940144072245
0.797489905108551 0.576425107658956
0.797165411371656 0.583670606282085
0.795175511700722 0.589742352634986
0.79793821515714 0.599415261890499
0.986041990081758 0.750228229961547
1.03369913625559 0.796549602938031
1.02879214068052 0.802877266778856
1.02384641166283 0.809174702744376
1.00637031443392 0.805443901668387
0.9936403816774 0.805307335193804
0.977858304595882 0.802507571017512
0.966762963633584 0.803379483878806
0.94957261969097 0.798994980952559
0.939323809748041 0.800266827142194
0.934395782302887 0.806015344890148
0.915875207973803 0.799892991745247
0.90870249085175 0.803510377384073
0.896304567045141 0.802400952330525
0.889882371507288 0.806542368175675
0.876811759125053 0.804550355940962
0.862334111296683 0.801067405560691
0.857402620904017 0.806343508329112
0.840126678386328 0.799867091078738
0.833762984557088 0.803619029143485
0.82666916804735 0.806624631339596
0.820992785099813 0.8109790059328
0.811758586150857 0.811758586150857
0.806762447977294 0.816724162072459
0.801735935653549 0.821658988790973
0.796679238424969 0.826562880512963
0.791592546673348 0.831435652609677
0.787161167591514 0.837005620055617
0.782010579569632 0.841819793785994
0.77818271728972 0.848075887642243
0.77296437239968 0.852834762242581
0.777721915130948 0.868737384219633
0.776351324817315 0.877987892246399
0.776211942003886 0.888760473152104
0.774009859389646 0.897292530048675
0.775623287943486 0.910398128536851
0.770666374031237 0.915905237382253
0.77334060266583 0.930615067890113
0.77205663166719 0.940753727640049
0.770047597417383 0.950134632045086
0.771076662595735 0.963429807813745
0.768870948499803 0.972850187955026
0.769039488225784 0.985433034533258
0.772744652537428 1.00280695254607
0.772026635536547 1.01469212927325
0.816237847606795 1.08657121810497
0.887592040387646 1.19677932531594
0.880232031827689 1.20220295865868
0.872838883029243 1.20758132973951
0.855538989078241 1.19907555402579
0.848165494513425 1.20430247031718
0.838476973407884 1.20619967752676
0.831060087230662 1.21132176914851
0.818565922635651 1.20894579766373
0.81113256140194 1.21394566567976
0.799815472473836 1.21305581468069
0.796174503898684 1.2238081020858
0.785949516003636 1.22446252828631
0.7810965454437 1.23348623749318
0.774043140634824 1.23910389574354
0.771671462742756 1.25234355319918
0.764492080921695 1.25790946319003
0.770640050807421 1.28573524855793
0.769351218227903 1.30163088346713
0.768903147004622 1.31928661144592
0.767270647525575 1.33525128837895
0.768921210432645 1.35733576006526
0.770816846901302 1.38036323914826
0.77872685398703 1.41485331491613
0.811989121537042 1.49695788196494
0.81693056380093 1.52836958644046
0.807537285830257 1.53335340702076
0.798113604537195 1.53827949771195
0.787294668658798 1.54047641434716
0.777378030135959 1.54438489854417
0.760781259909115 1.53479023880887
0.750472421367856 1.53763208707916
0.739291207845686 1.5386026048294
0.729836602793501 1.54310984664365
0.721620479165689 1.55027868930438
0.712094563652485 1.5546772857668
0.707061128343688 1.56904614976952
0.699041276320314 1.57701185038505
0.702938992681839 1.61243852409919
0.695395992039158 1.62223604465183
0.693972621783148 1.64674564367016
0.687299491606944 1.65928775404962
0.686153506368708 1.68570268927339
0.685080233464611 1.71309374503786
0.683696351222771 1.74053433261201
0 0
0 0
0 0
0 0
0 0
0 0
0 0
0 0
0 0
0 0
0 0
0 0
0 0
0 0
0 0
0 0
0 0
0 0
0 0
0 0
0 0
0 0
0 0
0.0013505034798978 0.00584603634752921
0.00131460745236824 0.005854212831118
0.00127866193061112 0.00586216890690251
0.00124266826795501 0.00586990427534099
0 0
0 0
0 0
0 0
0 0
0 0
0 0
0 0
0 0
0 0
0 0
0 0
0 0
0 0
0 0
0 0
0 0
0 0
0 0
0 0
0 0
0 0
0 0
0 0
0 0
0 0
0 0
0 0
0 0
0 0
0 0
0 0
0 0
0 0
0 0
0 0
0 0
0 0
0 0
0 0
0 0
0 0
0 0
0 0
0 0
0 0
0 0
0 0
0 0
0 0
0 0
0 0
0 0
0 0
0 0
0 0
0 0
0 0
0 0
0 0
0 0
0 0
0 0
0 0
0 0
0 0
0 0
0 0
0 0
0 0
0 0
0 0
0 0
0 0
0 0
0 0
0 0
0 0
0 0
0 0
0 0
0 0
0 0
0 0
0 0
0 0
0 0
0 0
0 0
0 0
0 0
0 0
0 0
0 0
-1.53776838871133 3.9148061436493
-1.52685629728057 3.81801699227996
-1.51820900201646 3.72984904081068
-1.51695721202468 3.66225867480966
-1.51881757541275 3.60404163987633
-1.51411147833931 3.53215469157432
-1.50778220205768 3.45863031338384
-1.50304007847482 3.39080408503996
-1.50081015167542 3.33046224099126
-1.49581508233236 3.26573161896009
-1.49050498383155 3.20209608713928
-1.49772560319382 3.16667472830571
-1.49980392029635 3.12137111061516
-1.49480424216718 3.06268278648934
-1.49802405801534 3.02209429030554
-1.49226011289203 2.96461167374026
-1.49312931185775 2.92156238325057
-1.49859305154209 2.88837949070864
-1.48739704470494 2.82427247151326
-1.49338496656244 2.79392676058282
-1.48713689223801 2.74163930691893
-1.4889835166908 2.70530450267552
-1.49141606357451 2.67079776046599
-1.48460939636177 2.62070209024005
-1.48023449550611 2.57599456411059
-1.48342412839797 2.54526411982486
-1.4720456664313 2.4904881618493
-1.4734185550705 2.45825034677163
-1.46873877584963 2.41669004977519
-1.46465442305497 2.376983746241
-1.46119846863173 2.33911602582144
-1.45358866486832 2.29546734465796
-1.45144076680083 2.26125825487058
-1.45383648882154 2.23470717212791
-1.44715411374203 2.1948546543919
-1.44726046761273 2.16597835590716
-1.4431429645027 2.13138804599381
-1.44261622540299 2.10270287937974
-1.435513635783 2.06507291133971
-1.43548983877696 2.03823896413761
-1.43519140345173 2.01148392907381
-1.4352047787013 1.98562017436447
-1.43082009818603 1.95418491164871
-1.42550851064001 1.92207572394497
-1.42826600057628 1.90129964271356
-1.42900613855865 1.87817520113265
-1.42402319880706 1.84798478988044
-1.42856776975667 1.8305404260001
-1.42489153294797 1.80291113658108
-1.41780621196617 1.77149281332595
-1.42487134187012 1.75809860670931
-1.41850342211021 1.7284514208999
-1.42141290312778 1.71048598868892
-1.42158016458974 1.6894894626007
-1.42089519736179 1.66779459646578
-1.41542558680986 1.64087161226313
-1.41296877845679 1.61784524578227
-1.40895842084373 1.59341318116575
-1.41470686955545 1.58026760129064
-1.41430328315484 1.560443207083
-1.40897726904454 1.53552581105167
-1.41633073742508 1.52465360502937
-1.40373645225328 1.49262355409107
-1.41011046659507 1.48108533989142
-1.41500783257963 1.46808513845258
-1.40652989019004 1.44148200908039
-1.40761776789221 1.42499870300411
-1.41209231148754 1.41209231148754
-1.405078688368 1.38794072083289
-1.39710667197498 1.36323053741779
-1.40040491575052 1.34977452783063
-1.40141815040632 1.33426099681004
-1.39646627678288 1.31330542901437
-1.39863703326989 1.29926733140346
-1.39995155113531 1.28457620127032
-1.3981748357279 1.26723180415579
-1.40443400726955 1.25729492669394
-1.40762733603426 1.24467929094469
-1.39791474858729 1.22088926604538
-1.3985648319302 1.20641032066864
-1.40061241469891 1.19326651952719
-1.39489998141821 1.17370494996652
-1.3936152756858 1.15809351725479
-1.39528391992375 1.1450799202657
-1.400729975476 1.13523780300919
-1.39673892871997 1.11787364573958
-1.39258803477229 1.1006016100131
-1.39852660095271 1.09142087161329
-1.39806819203016 1.07732571710939
-1.39828551198194 1.06388295345121
-1.40158894483338 1.05288077256042
-1.3967779631207 1.03592113936921
-1.3990737278667 1.02437737429199
-1.39641779278065 1.00932973744778
-1.39607233261709 0.996095957520993
-1.39234699293624 0.980601389522201
-1.39751649852534 0.971468842019414
-1.39355596889007 0.956086792595741
-1.39525595258886 0.944714790647266
-1.39188015161119 0.930024583850473
-1.39171645878116 0.917613471332863
-1.39480593882142 0.907420799456536
-1.39109047561666 0.892903507270529
-1.39654304165502 0.884351127919419
-1.40024670868217 0.874705796483313
-1.3919658340974 0.857704188712385
-1.39634780677708 0.848627720620138
-1.38866268584793 0.832332382562039
-1.39202192844384 0.822778392900096
-1.39358824741022 0.812207430717413
-1.39681155444609 0.802644801902557
-1.3947494857469 0.790115824237367
-1.39695198628547 0.7800802678616
-1.4008361650025 0.771011897998994
-1.39938757596714 0.759064434737394
-1.392553778175 0.744335501844884
-1.3917859008051 0.732981062061025
-1.39448193169087 0.723506360592605
-1.39800454220017 0.714481255658445
-1.39878934852329 0.704091388976436
-1.39770740515955 0.692830573060482
-1.40103350572956 0.683802722574318
-1.39709077739082 0.671295450199668
-1.39575949530805 0.660145076896552
-1.38527834197963 0.644816462881096
-1.38648126091806 0.635055118862714
-1.37941134554169 0.621605771488658
-1.38137097487051 0.612319640533801
-1.38235203722256 0.602633299846127
-1.37407532222622 0.589018148737478
-1.37489904161135 0.579410849672958
-1.37750443495805 0.570581019188713
-1.3772747298729 0.560610059620093
-1.37511756627981 0.549920788676654
-1.36822745941556 0.53745111723329
-1.3714994409802 0.529045714003113
-1.37471978636607 0.520620392500821
-1.37601372044088 0.511478641546014
-1.37255000542129 0.500627337076841
-1.37465437108426 0.491859198803968
-1.37387215967262 0.482090810868534
-1.37207631840548 0.472025264641211
-1.37399915216013 0.463277959918268
-1.37681590713694 0.454838538535905
-1.37672650074821 0.445458437360573
-1.37466734019248 0.435492588422832
-1.37062763572686 0.424976542987647
-1.37320944109533 0.416558529854561
-1.36998728482631 0.406418376370783
-1.36189057453663 0.394940947969032
-1.36332608306716 0.386304475752113
-1.3647069174385 0.37766526687367
-1.36699853772998 0.369284473206444
-1.36730476325593 0.360380051430903
-1.36561623605585 0.350987945467094
-1.36774415026276 0.342602074518759
-1.36690603761954 0.33349222900502
-1.3679535904305 0.324867704429353
-1.36212657514295 0.314667335342397
-1.36403169596763 0.30630356027611
-1.36588546176991 0.297928253053902
-1.36377446703094 0.288713269472893
-1.36552030568017 0.280339871710022
-1.36427235684279 0.271370644250225
-1.3659117737715 0.262994517962919
-1.36356739357259 0.253876339955099
-1.36313108589673 0.24515086468333
-1.3646096427666 0.236782234682844
-1.36603682285469 0.228404689965051
-1.3664252248737 0.219859680372993
-1.35786596969022 0.209943343619727
-1.35813937365216 0.201460945205406
-1.35637987080445 0.192701805324483
-1.35753673338585 0.184375587339764
-1.35765072938022 0.175913923602876
-1.35870455953232 0.16758022380366
-1.35871397686362 0.159123890637249
-1.35966476529486 0.150783982941747
-1.36056436311617 0.142438398314511
-1.35444647374212 0.133401333971024
-1.35026067954316 0.124628551058046
-1.35000360851082 0.11625535986317
-1.35168839143312 0.108049391132645
-1.35232592488154 0.099753553081957
-1.35391031371351 0.0915214064375972
-1.3544463915273 0.0832122460627385
-1.35792680386298 0.0750655331051525
-1.35836183472691 0.0667320377872071
-1.35874572403551 0.0583960300457562
-1.35707983829816 0.0499842102286538
-1.3563615320296 0.0416257113626409
-1.35559166393576 0.0332779074919685
-1.35577033470752 0.0249595269634991
-1.35189831417963 0.0165911212017686
-1.35497451158106 0.0083141238166371
-1.35200011730194 8.27833967008278E-17
-1.34997461047292 -0.00828344442264933
-1.34589872401009 -0.0165174914571199
-1.34577203842468 -0.0247754598399811
-1.34559468528267 -0.0330324954407825
-1.34536667126129 -0.0412882873868006
-1.34508800494514 -0.0495425248521352
-1.34775595097059 -0.0579237127410957
-1.34837388969012 -0.0662413615118789
-1.34794205757946 -0.0745135811880387
-1.34845764096719 -0.0828443190718046
-1.3489217031378 -0.0911841871613763
-1.34933403258751 -0.0995328578477115
-1.34869790962111 -0.107810342146926
-1.34900736811062 -0.11616956876935
-1.34826917035444 -0.124444735511633
-1.34648497979434 -0.132617195259287
-1.34465141629707 -0.140772461208687
-1.3437623400304 -0.149020437190609
-1.34282267187113 -0.157262802637296
-1.34183244719723 -0.16549924722835
-1.34575024732961 -0.174371950807528
-1.34465498778531 -0.182626036589018
-1.34350910274072 -0.19087324660345
-1.34231263533777 -0.19911327034803
-1.34106563062278 -0.20734579759052
-1.33976813554477 -0.215570518380924
-1.3413790263619 -0.224281846225459
-1.33800707782881 -0.232166251784251
-1.33852573972546 -0.240725742292587
-1.33997281405856 -0.249483373741593
-1.33841678824585 -0.257700595907653
-1.33681037179754 -0.26590811579193
-1.33515362519431 -0.274105624385939
-1.33638158344978 -0.282914151532061
-1.33559757164395 -0.291321829274984
-1.33476054366877 -0.299730503221037
-1.33289630538515 -0.307914797609213
-1.33487370999641 -0.317011747257561
-1.3377609486849 -0.326381527606489
-1.33573312630809 -0.334583730435741
-1.33462346623054 -0.34302224594031
-1.33249359738778 -0.351204884282314
-1.33224444002344 -0.359895912568599
-1.33001108109313 -0.368063635838213
-1.32868969966777 -0.376490103316027
-1.32635458761416 -0.384635702727909
-1.33259793067725 -0.395326506559204
-1.3301471670548 -0.403495731835776
-1.32860139608371 -0.411945895149553
-1.33081525869962 -0.421600313602088
-1.33010627454929 -0.43037383406378
-1.33028900274382 -0.439468125478451
-1.3285150645761 -0.44794186944722
-1.32668718752865 -0.456410377752945
-1.32669241927345 -0.465535471897969
-1.32757721272144 -0.475014722198519
-1.32463758591352 -0.483151640820718
-1.32727204891345 -0.493360854223701
-1.3260903125225 -0.502203915186217
-1.32484984552704 -0.511050979337497
-1.32727379656705 -0.521364178105399
-1.32404978055587 -0.529498362485665
-1.32355445456501 -0.538743596749649
-1.32022387046131 -0.546854632513776
-1.31868669487855 -0.555721805898228
-1.31617107331118 -0.564196617524246
-1.3200178987391 -0.575458870644412
-1.32194739742058 -0.585978980243912
-1.32379717846971 -0.59654429338772
-1.32011193138959 -0.604655730395947
-1.32453640124542 -0.616542431456629
-1.32072843398126 -0.62465802779124
-1.31687074203803 -0.632750106104163
-1.31386207998612 -0.64125694618119
-1.3143826020355 -0.651527242416686
-1.31125332271019 -0.660029456373583
-1.32142598257224 -0.675344082789632
-1.31725727371107 -0.683439487029585
-1.31303897085806 -0.691509160159133
-1.31053505264986 -0.700495579695208
-1.30709127542631 -0.709000506486524
-1.30184021344545 -0.71652511473974
-1.29829232699725 -0.724987140681664
-1.29381944954375 -0.732939664962961
-1.31097399598514 -0.753320274275776

0 0
0 0
0.785834887443306 -0.43251885068259
0.788473980100001 -0.427688916414823
0.788437657427107 -0.421428707897744
0.789239029098466 -0.415651043335017
0.787336364883569 -0.408497847819659
0.78893760191358 -0.40320407512
0.790503551279898 -0.397906049255423
0.787554394202346 -0.390383395149307
0.784542831690977 -0.382911987538155
0.786877566680195 -0.378090915010624
0.791894663019594 -0.374538281824594
0.791458073385642 -0.368406247274397
0.792794516370467 -0.363126592489236
0.798654526640818 -0.359898637045442
0.793534095850132 -0.351749472923315
0.792927450212164 -0.345674960497056
0.797790851316099 -0.341985102796672
0.803560277898644 -0.338636895720742
0.801927462414363 -0.332169230971469
0.807655366918376 -0.328750476270179
0.809657338035086 -0.323788607467687
0.81162882601064 -0.31881454820713
0.809837777861234 -0.312388902695495
0.811739315166542 -0.307413950873199
0.812672964001387 -0.302079010894906
0.815450634756721 -0.297429513083986
0.817260277312507 -0.292420403025509
0.820926369342862 -0.288062507325404
0.822678433952649 -0.283019975122373
0.825347098575607 -0.278286285294597
0.828938126107319 -0.273844167445288
0.8286999522614 -0.268137052329945
0.832236197776086 -0.2636512015321
0.837658836940884 -0.259724339015976
0.839236706834781 -0.254579671779878
0.840782979941005 -0.249425419763027
0.847099746060636 -0.245654374138938
0.849553215567921 -0.240724661282168
0.858724505874105 -0.237641075558276
0.860166478855486 -0.232367567518741
0.863510052734606 -0.22759505091942
0.868764332880799 -0.223288066033547
0.878848332971041 -0.220140047395112
0.881154092126416 -0.214980426007837
0.884402454597436 -0.210031829461652
0.896392248423773 -0.207077202207502
0.909354425207498 -0.204202364811105
0.910590269022993 -0.198618826901024
0.9333148262468 -0.197584264442109
1.05107843051315 -0.215785287953265
1.29561745268904 -0.257714334732779
1.29717436848699 -0.249759724094127
1.29868244640313 -0.241795710143027
1.30604681418562 -0.234884604369422
1.29958121594882 -0.22549873225309
1.29798155850111 -0.217025683707602
1.29632684395734 -0.208580755377768
1.29659396467682 -0.20046991259639
1.29582128937176 -0.192216930632174
1.29598621234044 -0.184121637432974
1.29610073407939 -0.176031578535169
1.29715644480985 -0.168075540192454
1.29419333299326 -0.159623522911316
1.29117560504528 -0.151214228505233
0.828918463692665 -0.0919253265068092
0.829466902736621 -0.0868374479617434
0.827993709674746 -0.0815502624367702
0.825491242147502 -0.0761925300637188
0.82195795255868 -0.0707827867752975
0.826364083724929 -0.0660567455237945
0.821767396697474 -0.0606172048610722
0.821126097644962 -0.0555063467335287
0.821451220719078 -0.0504669668246778
0.820746953893423 -0.0453704923293171
0.821009891671368 -0.0403336296073859
0.821241918890928 -0.0352952483470965
0.816446419658608 -0.0300715023014596
0.816615565554835 -0.0250613151606864
0.822752141611089 -0.0201974314137196
0.821860764934524 -0.0151303324740842
0.825937838525625 -0.0101362910511659
0.825984485591886 -0.00506824093378623
0.826000034809113 5.05762445442372E-17
0.824984517290964 0.00506210512813426
0.82493792669742 0.0101240196708715
0.822860582643898 0.0151487389670107
0.822752141611089 0.0201974314137197
0.82261272442517 0.0252453634385516
0.822442336335119 0.030292344989719
0.822240983755952 0.0353381860512186
0.823007516398436 0.0404317666172484
0.82174541661902 0.0454256868630501
0.821451220719078 0.0504669668246779
0.821126097644962 0.0555063467335288
0.821767396697474 0.0606172048610723
0.818389505169686 0.0654192847281745
0.817972694033607 0.0704395968304269
0.817525086687918 0.0754572569216712
0.822022618872732 0.0809621613241069
0.812559285590079 0.0850673781503069
0.812022025771422 0.0900515468279334
0.815427049630596 0.0954976005822727
0.814825737185384 0.100499169183263
0.814193747011708 0.105496954047336
0.813531102903641 0.110490767010716
0.813827875273015 0.115621076487582
0.813103117604913 0.120612453920434
0.811359502219693 0.12544649514451
0.810574503382508 0.130422541964306
0.809758986873408 0.135393678449112
0.808912983396131 0.140359717438449
0.810004919644373 0.145674475846862
1.22101711664632 0.227335559692813
1.26575146099528 0.243709514580259
1.2681554676438 0.252251806274485
1.26854292129789 0.260430517463576
1.26692106972161 0.268209247970268
1.26622847661152 0.276190975424206
1.26646145970122 0.284393431036642
1.26858992098854 0.293059262893975
1.2667678623093 0.300837667558436
1.26684109330254 0.309078786963565
1.26298073606381 0.3163602053568
1.26101581108072 0.32410375407593
1.26093733760828 0.332344825228522
1.25983981086251 0.34033634128932
1.25869165130513 0.348326891530712
1.25845488119855 0.356588756847797
1.26008487627886 0.365417842566637
1.25781899380643 0.37314269912801
1.25550575515981 0.380853507077661
1.25123498968864 0.387957681957194
1.2002123648094 0.380225509201918
1.15884790725973 0.374960878305124
1.14133289390027 0.377045458839923
1.10014688382323 0.370941862043206
1.07326441801406 0.369227217281778
1.02474257565328 0.359581476158539
0.997095179395642 0.356766359882893
0.948853806878833 0.346087321217248
0.925153649900477 0.343889254186228
0.894035463595239 0.338580340941324
0.877013284290931 0.338301354936248
0.854444109770867 0.335632747500852
0.823584915959798 0.32935836006523
0.807655366918376 0.328750476270179
0.802851330052292 0.332551909476937
0.798031209920841 0.336306832292111
0.795952647279171 0.341197128861533
0.793844117470207 0.346074579551899
0.791705699878901 0.350939000729947
0.788625780721317 0.355379371371354
0.784612001487977 0.359378725058374
0.784205347088687 0.365030263419511
0.788278698519153 0.372828057985013
0.783272163985468 0.376358536224452
0.784542831690976 0.382911987538155
0.783074513822116 0.388162760072451
0.782464529587681 0.393859545787792
0.781813997691255 0.399563399044964
0.779347605337126 0.404352997883821
0.776851870986145 0.40912737306085
0.7743268886013 0.413886344823523
0.777046863490143 0.421490549386915
0.777074194856207 0.427697017560262
0.775308402867737 0.432944576851634
0.772637309923118 0.437693629719842
0.770804162703114 0.442924424922766
0.774119702979454 0.45117040574438
0.774780275560991 0.45794714648598
0.772813497242095 0.463206584284971
0.775938697851649 0.471575266064013
0.77303055958898 0.47632745913773
0.770941426588251 0.481591515555507
0.7688167665344 0.48684784812813
0.768339734127072 0.493176580102202
0.766975623569027 0.498972376107577
0.764734450414915 0.504219540744401
0.764120598287527 0.51056906056984
0.767597794858834 0.519733306799981
0.766868106637348 0.526130621795433
0.764446485699856 0.531396905175917
0.766076999552 0.539532296225593
0.762752070434844 0.544222699784211
0.760208870897283 0.549478403981319
0.756823024076094 0.554132614146737
0.875496236123846 0.649312261780361
0.947451713455247 0.711730565301398
0.943066781294525 0.717530621599047
0.938646343202512 0.723303663274343
0.927095398137067 0.723512349936089
0.9116548130321 0.720506517322897
0.90019002230992 0.720462988040436
0.892644884844371 0.723454367137212
0.880458951349368 0.72257398756767
0.869855907150011 0.722849773959659
0.853161508466243 0.717872176462172
0.845695896733124 0.720499539117747
0.840501830454154 0.725021865022402
0.828505496905348 0.723587378310122
0.820304373436152 0.725345295413106
0.813603107386417 0.728363920244375
0.799486261431495 0.724612109718137
0.791340995676975 0.726123564284659
0.786870688474882 0.730965472281386
0.782370756036109 0.735779859841224
0.777841367780568 0.740566545705204
0.773282694237169 0.745325349657308
0.768694907037392 0.750056092531257
0.76265533283616 0.753353104823721
0.758018488313766 0.758018488313767
0.753353104823721 0.76265533283616
0.752151235932005 0.770842114529878
0.750877132595417 0.779042725973879
0.74677245400925 0.784359637113061
0.742630771653824 0.789655479833138
0.74253574311686 0.79932586908654
0.747082450346172 0.814182322663157
0.744758939206157 0.821714862321619
0.749040929921706 0.836699912235416
0.747205011019747 0.845025868739966
0.743321560289033 0.851101079327809
0.742004373889144 0.860189277794462
0.739306485197073 0.867770799305363
0.74040633572382 0.879942428437864
0.73754963741056 0.887545285382809
0.739702574779853 0.901330195255754
0.740454568363487 0.913620834890826
0.737334237721886 0.921269981834903
0.737248031291211 0.932837802248307
0.794263988720165 1.01775524483238
0.808146908855239 1.04874920352735
0.801696691579326 1.05368815733228
0.795216290876097 1.05858744037363
0.78691884031723 1.06103722874977
0.774486033363711 1.05777723041548
0.760951431361082 1.05278392062584
0.752154120046606 1.05417710907525
0.742216778506411 1.05386685222194
0.730599406447517 1.05101129357973
0.720742354454042 1.05052681185399
0.712040257912912 1.0516172903943
0.705018655372526 1.0551349824172
0.698531197054178 1.0594410329442
0.692017439431072 1.06370719611512
0.685477627742502 1.06793331131131
0.678912008208681 1.07211921942193
0.672320828021473 1.0762647628499
0.667802667050267 1.08377516244683
0.666853111679774 1.09725249047495
0.662164389432965 1.10475454129565
0.663005722803718 1.12170970068072
0.656110560575138 1.12575671144945
0.653176525568066 1.13669772213536
0.647668229760645 1.14329431544442
0.647466646154535 1.15947019129016
0.643715354119479 1.16955360917029
0.637003811833891 1.17436040911658
0.63450004328295 1.18706608825707
0.629068280396501 1.19447610397697
0.624490522364446 1.20363938367609
0.626195037151923 1.22525748479549
0.619564421697267 1.23086310578801
0 0
0 0
0 0
0 0
0 0
0 0
0 0
0 0
0 0
0 0
0 0
0 0
0 0
0 0
0 0
0 0
0 0
0 0
0 0
0 0
0 0
0 0
0 0
0 0
0 0
0 0
0 0
0 0
0 0
0 0
0 0
0 0
0 0
0 0
0 0
0 0
0 0
0 0
0 0
0 0
0.00149177228545871 0.00683919720970766
0 0
0.00140773248734669 0.00685698857145063
0 0
0 0
0.00128127925523484 0.00688173862443501
0 0
0 0
0 0
0 0
0 0
0 0
0 0
0 0
0 0
0 0
0 0
0 0
0 0
0 0
0 0
0 0
0 0
0 0
0 0
0 0
0 0
0 0
0 0
0 0
0 0
0 0
0 0
0 0
0 0
0 0
0 0
0 0
0 0
0 0
0 0
0 0
0 0
0 0
0 0
0 0
0 0
0 0
0 0
0 0
0 0
0 0
0 0
0 0
0 0
0 0
0 0
0 0
0 0
0 0
0 0
0 0
0 0
0 0
0 0
0 0
0 0
0 0
0 0
0 0
0 0
0 0
0 0
0 0
0 0
0 0
0 0
0 0
0 0
0 0
0 0
0 0
0 0
0 0
0 0
0 0
0 0
0 0
0 0
0 0
0 0
0 0
0 0
0 0
0 0
0 0
0 0
0 0
0 0
0 0
0 0
0 0
0 0
0 0
0 0
0 0
0 0
0 0
0 0
0 0
0 0
0 0
0 0
-1.65195241681735 3.18396343520468
-1.64722695253484 3.12775781889611
-1.65036005385108 3.08760649282902
-1.64495736645402 3.03259222309336
-1.64762197586545 2.99353156032387
-1.64353161496844 2.94320321721106
-1.63839365019991 2.89216926299759
-1.63617973721301 2.84738000753557
-1.63700336904913 2.80877589861836
-1.63283598371079 2.76252210132305
-1.62199426579266 2.70613394450948
-1.62298759309159 2.67049391738438
-1.61153951919631 2.61536317595301
-1.60901370316118 2.57574163922776
-1.59750292563654 2.5227327974014
-1.59836744756488 2.49016127133383
-1.59943823888761 2.45851313493653
-1.59027318145597 2.41191899392648
-1.5867086882916 2.37467736656861
-1.58274773761216 2.33757132227907
-1.57726034889139 2.29895506424029
-1.57135940540228 2.26049524099793
-1.56734996732846 2.22546596120144
-1.56703617083166 2.19627017436441
-1.56115140744009 2.15986859565473
-1.5566519496123 2.12604348826066
-1.55775368692874 2.10038770248187
-1.55499620030387 2.07000216966993
-1.55555786883248 2.04450501249404
-1.54793080486621 2.0087822906091
-1.54238572549289 1.97638465795791
-1.54208242639247 1.95119243520025
-1.53340533049588 1.9159293420799
-1.53190989052324 1.89016970514565
-1.52952221658861 1.86372821337836
-1.53006395513681 1.84123343139807
-1.52330554345428 1.81038588473128
-1.51103865952168 1.77360168158798
-1.51536110777731 1.75672465387856
-1.51098208616873 1.73007020525967
-1.50633358942434 1.7035362868864
-1.49808185984341 1.67339982447082
-1.50496373565469 1.66047160193965
-1.5022780698752 1.63720650598894
-1.50344767942247 1.61843336717513
-1.49690793821922 1.59169482512575
-1.50526706965995 1.58103144562707
-1.4941206360378 1.5501654834119
-1.48963663456467 1.52665394725591
-1.48913744156589 1.50752496254988
-1.48280300646493 1.48280300646493
-1.49116202069079 1.47297408110297
-1.4822786101505 1.44633728179243
-1.48824529244654 1.43443911422691
-1.48832780381397 1.41700586546647
-1.48461050554187 1.39620058809559
-1.48435757117743 1.37889763711131
-1.48026453325171 1.35827028403777
-1.48634798855359 1.34714729160285
-1.48564528172422 1.32999789659761
-1.47729706144757 1.30628399426912
-1.47248022445353 1.28601211362579
-1.47807177525599 1.27499348163707
-1.47368790105459 1.25552395088456
-1.47065152320155 1.23744425797648
-1.47437114080807 1.22520159615582
-1.47181193711386 1.20788484087779
-1.47453440194192 1.1950534537202
-1.47090898777138 1.17723531499047
-1.45849078219946 1.15268641047922
-1.45922929317195 1.1387937175828
-1.4638129941322 1.12798745626815
-1.46433993104427 1.11414033639507
-1.46315323677988 1.09912818304814
-1.45942810997828 1.08238565501015
-1.45797356234085 1.06750280548486
-1.46125440342191 1.05619359118402
-1.44817066625786 1.0332680569321
-1.44957797274088 1.02090799312379
-1.44678270032399 1.00571572215466
-1.4496281059634 0.994556599969984
-1.44742276043206 0.980036449629536
-1.44675723245484 0.96669227698157
-1.45266150996158 0.957796943778971
-1.44677590094276 0.941230968501073
-1.44074223212655 0.924773632403956
-1.44047536500793 0.912170964867106
-1.44180462660714 0.900666187229709
-1.44560118041024 0.890753319710192
-1.44762133905206 0.879789112224348
-1.43583771440829 0.860608006526903
-1.43850876037099 0.850255230787846
-1.42901114192675 0.832852508772072
-1.43149337119152 0.822573889575587
-1.43042305985038 0.810324654349368
-1.43536819114797 0.801532489322016
-1.43149858905734 0.787888313927139
-1.42048380736786 0.770507582610286
-1.42430295546645 0.761305790664445
-1.42540817957597 0.750688163123143
-1.42377403239201 0.738704134540593
-1.4158134996811 0.72358291872094
-1.4166538175103 0.713083606993871
-1.42100254816025 0.704377758984461
-1.40822291602483 0.687311659593674
-1.41241367168769 0.678658027772893
-1.41655125077411 0.669978844860945
-1.41338271717231 0.657898428616101
-1.41466548486782 0.647964442771365
-1.41861468926745 0.639272020791556
-1.41793943920662 0.628529325943802
-1.42176933033999 0.619817181218406
-1.42554569266166 0.611081700726459
-1.42466081819113 0.600381489972143
-1.41815516170204 0.587419101526396
-1.42173280117957 0.578706407041008
-1.41782884952355 0.567001381014902
-1.4194197044103 0.557559856519852
-1.4265460303478 0.55027952665024
-1.4177382313907 0.536911916021191
-1.41819404749024 0.527157508739473
-1.42046242492907 0.518103033332967
-1.41984846556074 0.508029904377281
-1.42010826251945 0.498315028060724
-1.42124782988655 0.488941375945161
-1.42137849948762 0.479253084311634
-1.41384753877953 0.467072137180868
-1.41288101974936 0.457156719865502
-1.41947277227373 0.449686883305648
-1.41838464859747 0.439784073278253
-1.41722870018945 0.429911626115615
-1.41983990940686 0.421207581324913
-1.41855598983715 0.411373613892623
-1.41047005573265 0.399662928928951
-1.4128957896629 0.391000923824197
-1.4094759217055 0.380759422104808
-1.41081877822739 0.371849025557811
-1.41016825608709 0.362438616280981
-1.40945547749843 0.353050218083567
-1.40868068825498 0.343684239994
-1.41076297709146 0.335034268024684
-1.41279215149921 0.326371682204538
-1.41184100821981 0.317039500357625
-1.41375974851524 0.308370638609244
-1.41464701509218 0.299483070515696
-1.40960090309745 0.289389571647442
-1.39859992583838 0.278198822265526
-1.3963526715069 0.268855649977451
-1.39699301858532 0.260099703302553
-1.39856266236328 0.251523018981429
-1.40007965104747 0.242936864960802
-1.40055757333667 0.234176643677631
-1.3980188165856 0.224943132324238
-1.39344325532319 0.215444044329093
-1.39276063640263 0.206596524405321
-1.39301196604418 0.197906151862985
-1.39023651279498 0.188816749693731
-1.38740199361724 0.179768863250329
-1.38153159072109 0.170395669566722
-1.3825511119525 0.161915543436569
-1.37457335562694 0.152437314474414
-1.37548281744981 0.14400022133312
-1.37534538052561 0.135459696628761
-1.3751548411639 0.126926272779194
-1.36295568387109 0.11737072590552
-1.36065971803886 0.108766528590913
-1.36329615699753 0.100562766017662
-1.36388753486492 0.0921958449900387
-1.3594369773324 0.0835188494518496
-1.35992384834175 0.0751759287524044
-1.36035951898684 0.0668301777217312
-1.36074397286491 0.0584819105726394
-1.36107719550151 0.0501314416126687
-1.36635681667236 0.0419324591018697
-1.36658838812352 0.0335478619184898
-1.36676850829427 0.02516200167707
-1.36689717040318 0.0167751941005087
-1.36997433411249 0.00840616273005431
-1.37000012397766 8.38855428280243E-17
-1.36997433411249 -0.00840616273005414
-1.36989696548795 -0.0168120089728328
-1.36876814371302 -0.0251988146629227
-1.36558864258885 -0.0335233195431539
-1.35736098900196 -0.0416563839425307
-1.35608058834371 -0.0499474056734722
-1.35674759430547 -0.0583101546375123
-1.3563642695327 -0.066633903702006
-1.36491622148351 -0.0754519047109613
-1.37141435946766 -0.0842546961237155
-1.38184655672504 -0.0934098359924213
-1.3842391652831 -0.102107615118218
-1.38358658682384 -0.110599224816238
-1.38587087585161 -0.119344064253088
-1.3851125058122 -0.127845361467653
-1.38430198706982 -0.136341845376618
-1.38145024660781 -0.144624955505469
-1.38053683915295 -0.153098652343285
-1.37758505694232 -0.16133395083666
-1.37458426426697 -0.169538798576005
-1.36657606136291 -0.177070399369844
-1.362491241838 -0.185048490240569
-1.34944937552266 -0.191717185173933
-1.34824761798603 -0.199993641860182
-1.34600691374906 -0.208109782788219
-1.34470463792774 -0.216364808340099
-1.34433797134721 -0.224776589046945
-1.34490399125724 -0.23336297978823
-1.34147839065217 -0.241256758667521
-1.34193899971923 -0.249849448804371
-1.34234471021193 -0.258456883366258
-1.34367595574789 -0.267273765348937
-1.3410310848928 -0.275312260633678
-1.34029491917539 -0.283742611060523
-1.33755160277156 -0.291748044427394
-1.33573629139341 -0.299949614699804
-1.33387069029885 -0.308139892038753
-1.33292785514444 -0.316549636990563
-1.33096045109594 -0.324722369597915
-1.32894293713873 -0.332882876591586
-1.32881240848092 -0.341528699534901
-1.32959276295925 -0.350440312338562
-1.32934823644356 -0.359113524743173
-1.32711973267491 -0.367263491969931
-1.32484126359841 -0.375399631933793
-1.32731506301454 -0.384914235432531
-1.32492828733515 -0.393051241650568
-1.32249162885459 -0.401173449711511
-1.32000517931168 -0.409280553818817
-1.31746903231984 -0.417372248744597
-1.31678612890681 -0.42606392119431
-1.31509663425853 -0.434449244854741
-1.3124061474837 -0.442510347720784
-1.30966624935919 -0.450554790322343
-1.31253853089924 -0.460568882048087
-1.31251247714901 -0.469624473620613
-1.30960620787399 -0.477669058232976
-1.30665063266543 -0.485695658875276
-1.30458109001018 -0.494058153426032
-1.30339100937429 -0.502773392810747
-1.30865836414237 -0.51405188153835
-1.3073366649089 -0.522814650515723
-1.30966131418248 -0.533088490989539
-1.310985083947 -0.543027801839677
-1.30947156327338 -0.551838359134789
-1.31157550843541 -0.562226659202641
-1.30901778236594 -0.570663394347384
-1.3054916157149 -0.578684633886545
-1.30282793799464 -0.587094899669766
-1.30283779953734 -0.596743596156627
-1.30277806024262 -0.606414404432442
-1.30174463382444 -0.615679359004505
-1.30515319671132 -0.627119881502708
-1.30128069231714 -0.635116345612659
-1.29915110486947 -0.643977130804518
-1.29606854536736 -0.65238608177833
-1.29827429538713 -0.663511899108312
-1.29506630436398 -0.671926030235729
-1.29268863590653 -0.68079169986769
-1.29377860666077 -0.691539072715079
-1.29390610460424 -0.70184852485624
-1.29307952085835 -0.71170328161741
-1.2939268562684 -0.722549392205742
-1.29120917031527 -0.731460960044854
-1.29189901744714 -0.742359287934279

0 0
0 0
0.961048895838815 -0.528955599350335
0.984493697791525 -0.534015139944476
0.993925347345028 -0.531264166459676
1.00689910814011 -0.530281257516622
1.01368451676115 -0.525935244368238
1.03559196024384 -0.529262260436107
1.04417923450475 -0.5255956576585
1.0590321439536 -0.524952393094808
1.08380148618893 -0.528971222997388
1.09513887924668 -0.526209004362645
1.1110029240114 -0.525465248969652
1.12508532031423 -0.523702359807148
1.12827751817129 -0.516789107512318
1.1314272370175 -0.509856398399681
0.796276744298127 -0.352965205367631
0.798427508398745 -0.34807269864557
0.797790851316099 -0.341985102796672
0.799874214271269 -0.337083512385931
0.799155859500576 -0.331021195455066
0.798393273330022 -0.324980405763438
0.794801265984048 -0.317847542456754
0.793013504542031 -0.311502295224549
0.793976882040733 -0.306270680038336
0.793035662804973 -0.300330687119922
0.794863528585502 -0.295459058129973
0.794782517950432 -0.289890972237928
0.794663230074268 -0.284335050238853
0.796392917833512 -0.279453735797225
0.796201431547399 -0.27391128787255
0.797867131346945 -0.269020731428497
0.791906551061017 -0.261610587497212
0.790642531007059 -0.255823060122547
0.791244054405438 -0.250664950895649
0.793722339555244 -0.246101397027044
0.795217447740662 -0.241226575518825
0.795723925306663 -0.236058268090803
0.797157372332126 -0.231171354142362
0.790863820000566 -0.224094761459634
0.790296424504327 -0.218704475119057
0.791623492829059 -0.213851190369722
0.792920756976713 -0.208989854243938
0.78740848527464 -0.202378149287469
0.78669539398311 -0.197056937835331
0.785946662631851 -0.191752100866136
0.789054349023903 -0.187388137163865
0.792137940970133 -0.182993225194602
0.789343038089202 -0.177252906630127
0.790415782318389 -0.172406252063923
0.789502158289574 -0.167138889080343
0.790512841078344 -0.162291448564466
0.790512988852264 -0.157242810056973
0.791462931413067 -0.152389353492255
0.792383075841839 -0.147530159554508
0.793273387495663 -0.142665411189639
0.794133832854807 -0.137795291552674
0.79496437952399 -0.132919984000863
0.7957649962336 -0.128039672086782
0.79653565284087 -0.123154539551415
0.799254647880434 -0.118558227487958
0.870261233858268 -0.123638601897667
0.898748754592888 -0.122064711343503
0.940140919302451 -0.121816218468508
0.974614955506808 -0.120207289524696
1.03194724935418 -0.120855061510953
1.07739526543473 -0.119480884900035
1.10794501336816 -0.115991508673108
1.13451069280533 -0.111739550258106
1.15608598149188 -0.106706299720288
1.18660842467688 -0.102184607920901
1.22409537220972 -0.0978500374004973
1.24561585267455 -0.0918821452678889
1.24914937268581 -0.0844397935970214
1.25064201640523 -0.0768348838732272
1.25009152019537 -0.0691044510843637
1.25149072758064 -0.0614817969617353
1.25184441383554 -0.0538016368403611
1.24915298073544 -0.0460090286766986
1.24941177187637 -0.0383435039707956
1.25162301443958 -0.0307256204043112
1.24978822724478 -0.0230084123822559
1.24990587729893 -0.0153394228571498
1.24297663139328 -0.00762690480615126
1.24300003051758 7.61092867586619E-17
1.24197672269588 0.00762076936622658
1.24190658267329 0.0152412518147937
1.23079151198304 0.0226586857252735
0.80475761578754 0.0197556905992481
0.779632976630682 0.0239263474285241
0.779471490952325 0.0287096350350784
0.779280658612893 0.0334918417401001
0.779060486797115 0.03827278749621
0.780807968759312 0.0431626846608611
0.783522744803307 0.0481367796054341
0.781217213039308 0.0528085925237636
0.779881201796876 0.0575274935055912
0.779513538689342 0.0623116716610528
0.778120168167747 0.0670077024956387
0.777694368742361 0.0717808966896337
0.777239289563546 0.0765513883734391
0.776754947764776 0.0813189979407392
0.776241361581248 0.0860835458937284
0.779671406197334 0.0913101283164229
0.775126534505135 0.0956027395486463
0.772541941613563 0.100100033945451
0.771913196468167 0.104838377830975
0.771255389227212 0.109572774610829
0.770568544656768 0.114303046037649
0.773805726898111 0.119640203999033
0.773057061732841 0.124385934487105
0.77425188220397 0.129456803909645
0.773442975115254 0.134205087160491
0.774573401841314 0.139302332099037
0.773704077674802 0.144052402818004
0.774769526440493 0.149175182505355
0.771878074604376 0.153536095148009
0.772880578756671 0.15867156379479
0.769935829535105 0.162996665506834
0.771852253664375 0.168357157306564
0.770804703666734 0.17308998442533
0.76972813330766 0.177816294804013
0.768622583119419 0.182535910499699
0.770402626781272 0.187959729612461
0.770204843714379 0.192926270026634
0.769006571487182 0.197648526321374
0.767779346597212 0.202363341260809
0.767488597261421 0.207331328095116
0.771020864125458 0.213370209159383
0.769697134884614 0.218097087609859
0.768344426981677 0.222815754828256
0.766962791345333 0.227526033159419
0.765552279993385 0.232227745264033
0.764112946030787 0.236920714125293
0.762644843647649 0.241604763055574
0.761148028117196 0.246279715703082
0.762471160257361 0.251886447860993
0.768491960855322 0.259116162683884
1.16120583795194 0.399481053356541
1.1993073114204 0.420836123778064
1.20046877290099 0.4295345952034
1.20156838820036 0.438263072474231
1.20260605687203 0.447021205636546
1.20077566332789 0.454745980487934
1.20169482455352 0.463544845498001
1.19882794528637 0.470909580224229
1.19591593082465 0.478256585470921
1.18277054369174 0.481438489092955
1.15023002238195 0.476440875119313
1.11503202275684 0.469897521319767
1.08087788871098 0.463334638736054
1.03676405523608 0.451974986794325
0.974547694612525 0.431987282854356
0.940880684153603 0.423990179174875
0.794612828926293 0.3639594408867
0.716210626020216 0.333380222986985
0.710535596464585 0.336058309144678
0.708460205812478 0.340411747401004
0.706358142034046 0.344752369347441
0.70691740181819 0.350412387313792
0.702074312665506 0.353394511111479
0.699002271100082 0.357240627829222
0.696797125295516 0.361522900180327
0.694565745473014 0.365791561398573
0.692308215642765 0.37004645077128
0.689145619889995 0.373810615012803
0.686838988104106 0.37803209616373
0.684506497218518 0.382239344619901
0.687368741645923 0.389389582437977
0.684099517479552 0.393101646346814
0.6825385748749 0.397795333948078
0.682667518873657 0.403502324630675
0.680178824130937 0.407683497962978
0.681082759920635 0.413926750412688
0.678530131936422 0.418098003609988
0.675951957676249 0.422253515653763
0.674193176895015 0.426928120823337
0.671560903696135 0.431056855586787
0.673932680053351 0.438441301612637
0.672064670097146 0.443118704961001
0.669333093410134 0.447234074669094
0.669888454248489 0.453575223698661
0.66709275853532 0.457677043556325
0.664271947156834 0.46176163213198
0.66224374933391 0.466404670742131
0.661811555070912 0.472201761502587
0.661333109714536 0.478011077662162
0.65677391704882 0.480878403510439
0.655417381307132 0.486090658882621
0.65402150099898 0.491304291305459
0.650994602769966 0.495308043129215
0.65031953131306 0.501124308110266
0.648020784560191 0.505720383885731
0.648043776560224 0.512167278500118
0.64488897797732 0.516133958956416
0.644040581385677 0.521970135187959
0.640825708963922 0.52591206796443
0.639124896687911 0.53111243288157
0.636619178132853 0.535667854736408
0.633320397789811 0.539563992782885
0.629997773291747 0.543439816549997
0.631170582132832 0.55124204787762
1.14393132659087 1.01150893849641
1.13770329023872 1.01850892779301
1.13365528892256 1.02748526175855
1.12732941713726 1.0344218977236
1.12755494925753 1.04744495897379
1.12110672190966 1.05434378822267
1.11606484738145 1.06258206755783
1.10952395677931 1.06941010991521
1.10651994394085 1.0796897675033
1.09987426214533 1.08645892138656
1.11440035391061 1.11440035391061
1.11035252640137 1.1240628998088
1.11879883347406 1.14660086606129
1.11521221574476 1.15704411131839
1.11084985965763 1.16676209483935
0 0
0 0
0 0
0 0
0 0
0 0
0 0
0 0
0 0
0 0
0 0
0 0
0 0
0 0
0 0
0 0
0 0
0 0
0 0
0 0
0 0
0 0
0 0
0 0
0 0
0 0
0 0
0 0
0 0
0 0
0 0
0 0
0 0
0 0
0 0
0 0
0 0
0 0
0 0
0 0
0 0
0 0
0 0
0 0
0 0
0 0
0 0
0 0
0 0
0 0
0 0
0 0
0 0
0 0
0 0
0 0
0 0
0 0
0 0
0 0
0 0
0 0
0 0
0 0
0 0
0 0
0 0
0 0
0 0
0 0
0 0
0 0
0 0
0 0
0 0
0 0
0 0
0 0
0 0
0 0
0 0
0 0
0 0
1.06449617835205 4.24970696094943
1.03460809893668 4.24061472504455
1.00810661721449 4.24493739375441
0.979340167875244 4.23935095556163
0.953309563622738 4.24528026928031
0.92532501070157 4.2422562028741
0.895963857651301 4.23220115472425
0.873196326018669 4.2532919300797
0 0
0 0
0 0
0 0
0 0
0 0
0 0
0 0
0 0
0 0
0.000807484258061687 0.00594541586424628
0 0
0 0
0 0
0 0
0 0
0 0
0 0
0 0
0 0
0 0
0 0
0 0
0 0
0 0
0 0
0 0
0 0
0 0
0 0
0 0
0 0
0 0
0 0
0 0
0 0
0 0
0 0
0 0
0 0
0 0
0 0
0 0
0 0
0 0
0 0
0 0
0 0
0 0
0 0
0 0
0 0
0 0
0 0
0 0
0 0
0 0
0 0
0 0
0 0
0 0
0 0
0 0
0 0
0 0
0 0
0 0
0 0
0 0
0 0
0 0
0 0
0 0
0 0
0 0
0 0
0 0
0 0
0 0
0 0
0 0
0 0
0 0
0 0
0 0
0 0
0 0
0 0
0 0
0 0
0 0
0 0
0 0
0 0
0 0
0 0
0 0
0 0
0 0
0 0
0 0
0 0
0 0
0 0
0 0
0 0
0 0
0 0
-1.79484847428973 3.56575150237177
-1.7852929565648 3.49323042790739
-1.77906111158272 3.42895199075232
-1.77397259404614 3.36842269548637
-1.76868060062792 3.30896866625946
-1.75986606456614 3.24443432390827
-1.75563124473643 3.18977145024337
-1.75225532485967 3.13790344069605
-1.75028153889594 3.08967900831971
-1.74628802975723 3.03899718975807
-1.74123582312416 2.9876182946666
-1.73205782753862 2.93039109688835
-1.73355456520488 2.89226105942349
-1.72633937371777 2.84055085601281
-1.71855593753349 2.78903983507772
-1.71179560938188 2.74027699097259
-1.70824744213701 2.69761749991095
-1.71720518701989 2.67530339044703
-1.70468600429818 2.62029056865887
-1.70586937677097 2.58724022952112
-1.70282279599506 2.54845440928437
-1.69544070052593 2.50400835584407
-1.6892752215294 2.46222370844503
-1.68494484242049 2.42389474014727
-1.67157124668029 2.37344880770363
-1.67564840204405 2.34849499751979
-1.66425175996121 2.30250896516025
-1.65885329465182 2.26562800114221
-1.65485273718856 2.23131061590504
-1.65469846943766 2.20272526789206
-1.64759566146308 2.16547237227049
-1.64925442871034 2.14027208366611
-1.63159429439247 2.09069487492725
-1.63757111637216 2.07201399852707
-1.63525734482717 2.04318940758663
-1.62635568640746 2.00670304908649
-1.62024053608462 1.97426880551966
-1.61954144446456 1.9489079793506
-1.61215430374114 1.91597897614383
-1.60442476790327 1.88321486575032
-1.59700771314654 1.85137575969187
-1.59583911572805 1.82723126354838
-1.59046029715549 1.79867650039719
-1.59346293269812 1.77994318158056
-1.59428100748091 1.75901802529625
-1.58002873723409 1.72194041843668
-1.58375861793263 1.70488659359131
-1.58185819934071 1.68202428866044
-1.57904798554328 1.65852596500499
-1.57531536843875 1.63440585100135
-1.57902880914154 1.61826750790887
-1.56433211075652 1.58364811793597
-1.56624162822413 1.56624162822413
-1.56870810695888 1.54957432546203
-1.56458766188387 1.52665055713469
-1.57320561035872 1.51632776779022
-1.56727071237203 1.49216576248451
-1.56692692052736 1.4736149850594
-1.55615772613444 1.44559656864699
-1.5576302870375 1.42926003080863
-1.55155173139565 1.4062445193372
-1.55195550349873 1.38936096028981
-1.55595639716118 1.37583766355067
-1.54629265789801 1.35047728060691
-1.55379258769358 1.34031070364103
-1.55437531326333 1.3242664427585
-1.54869867405064 1.30311515087392
-1.54051400144053 1.28016627647151
-1.54756699987782 1.27005541418607
-1.53979302639038 1.24794306038482
-1.54429827311035 1.23597209555352
-1.53459277436819 1.21283196179426
-1.53806395473026 1.20031689130913
-1.544607863506 1.19024650134413
-1.54312786125644 1.17408598781759
-1.5319135097855 1.15078125125369
-1.53171681462148 1.13599861229808
-1.5257487499133 1.11712661537047
-1.52528051899222 1.10247161968843
-1.52550414086969 1.08844539956842
-1.52888370195571 1.07676138933872
-1.52725078751246 1.06165226355721
-1.51394602990198 1.03868365261634
-1.51449448332835 1.02545008756224
-1.51493775493677 1.01224904562617
-1.52028537815368 1.00238402331315
-1.50880452995321 0.981585018164364
-1.51143284300812 0.970148031476938
-1.51313284332806 0.9581808055864
-1.51643926709732 0.947288937528226
-1.50945286048892 0.930097570925465
-1.50402215324466 0.914066599650533
-1.50102516974969 0.899679863623961
-1.5004911003172 0.8868909539809
-1.50417679112065 0.876660354398958
-1.50519233513555 0.864923260274155
-1.51047106967062 0.855671291795025
-1.49735791713006 0.83614854092831
-1.50246024078712 0.826945185210315
-1.50047399038935 0.813896350741791
-1.49750237162556 0.800431693746583
-1.4997311282499 0.789830184768144
-1.4947852401176 0.775547251181432
-1.48793992608855 0.760444730074319
-1.48900495949994 0.74950211140363
-1.49088787035486 0.73901926381292
-1.48730632214256 0.725909914519482
-1.48181755268088 0.712006261324286
-1.48525452240052 0.702473072328731
-1.48953685664482 0.693346498047579
-1.48103470601503 0.678363781595863
-1.48425743923319 0.668852691102098
-1.48467670952377 0.65811192331569
-1.48043679979127 0.645393134200749
-1.47885426713401 0.633933226650573
-1.47810860347176 0.622905490458967
-1.47728346147465 0.611910845212272
-1.47730536270969 0.601326830081456
-1.47818179788384 0.591137019868708
-1.47619647927198 0.57986224555051
-1.47226270062475 0.567914392364242
-1.47010850259612 0.556745071418197
-1.47162229786813 0.5470173462669
-1.47401163919974 0.537634708271582
-1.47539957977336 0.527906410867954
-1.47106221567259 0.516194735731929
-1.46569142197491 0.504230976119512
-1.45928188698081 0.49203315335624
-1.46132390253215 0.482756209243303
-1.46330716387456 0.473472779265769
-1.46141826623277 0.46297515400417
-1.45850063049815 0.452222426965514
-1.46124795928358 0.443264722376669
-1.46394027290924 0.434290329121561
-1.46369615830216 0.424464020169292
-1.45472764399923 0.412203512319618
-1.45626567126292 0.403002986464499
-1.45678027328615 0.393538340349185
-1.45723362762739 0.384082571628475
-1.45568872801485 0.374138196658525
-1.44922676720525 0.363012407545117
-1.44948390541331 0.353639244556276
-1.45162650890043 0.344738721353014
-1.44786838228833 0.334474706018685
-1.44696629792822 0.324927147928589
-1.44502471244041 0.315190182666731
-1.44203989867335 0.305282188456528
-1.43311062511761 0.294216092664857
-1.43488892322161 0.285417152644859
-1.43563118881233 0.276418389331047
-1.43730023481275 0.267604318459703
-1.43694677242955 0.258426168553912
-1.43850539547321 0.249604364111718
-1.44000985960178 0.240773162206292
-1.43751095334486 0.231297470935002
-1.43692661752009 0.222167124997745
-1.43628431416596 0.213052652127646
-1.43657455656571 0.204095118552037
-1.43779981756055 0.195276620750111
-1.43897094620491 0.186450770893784
-1.43909537249325 0.17749548487586
-1.43320492041626 0.167847793502146
-1.42625656356451 0.158168874299268
-1.42720022065555 0.149414551060777
-1.42311422557699 0.140164517214622
-1.4239474691634 0.131429813926484
-1.42871230107263 0.12303334721109
-1.4254530945313 0.113945891618522
-1.42612541962685 0.105197330858489
-1.42474863146368 0.0963099233759072
-1.41732779646859 0.0870754502275375
-1.41783540059172 0.0783772511876231
-1.4182896240134 0.0696761012885004
-1.41569319548759 0.0608435124518599
-1.41603987423732 0.0521558369438277
-1.41633323988613 0.0434661977980128
-1.41357416395837 0.0347012979739543
-1.411760841567 0.0259903037329
-1.41089376764547 0.0173151406849935
-1.40497364186941 0.00862091848796748
-1.40000009536743 8.57224506069444E-17
-1.39797380415944 -0.00857796748267557
-1.39789485427864 -0.0171556120097238
-1.39776327444668 -0.0257326106376762
-1.39757906961746 -0.0343086404473823
-1.40333934601991 -0.0430674250056711
-1.40804527895914 -0.051861378563561
-1.4106978116128 -0.0606288213719305
-1.4182896240134 -0.0696761012885003
-1.42382629597287 -0.0787084249698057
-1.42331654702869 -0.087443377218471
-1.42474863146368 -0.096309923375907
-1.42213630915901 -0.104903076392549
-1.41947213090731 -0.113467793647085
-1.41775294405218 -0.122089583812052
-1.41498561846183 -0.130602638489432
-1.40420566262162 -0.13830218631368
-1.39935241552046 -0.146499145610253
-1.39842717124803 -0.155082652810387
-1.397449276983 -0.163660321236296
-1.40038863656981 -0.172721464340453
-1.40029423176416 -0.181439340161193
-1.39915458075892 -0.19002796849787
-1.39796225237453 -0.198609442388938
-1.39671729150146 -0.207183438746755
-1.3954197450118 -0.215749634765203
-1.39406966175743 -0.224307707931844
-1.39365344675569 -0.233022256866949
-1.40106485727768 -0.243107814458373
-1.39954680112086 -0.251700010372708
-1.40092538990666 -0.260831853428108
-1.3963526715069 -0.268855649977451
-1.3907536276942 -0.276638096526501
-1.38903002770034 -0.285166392727437
-1.38823237797403 -0.293891048939778
-1.38542600598773 -0.302190455387466
-1.38452135137023 -0.310904666260085
-1.382587612978 -0.319394076873904
-1.37865596609161 -0.327409352214254
-1.37273510173138 -0.334914380586893
-1.37453433943211 -0.344302928362914
-1.37239586115882 -0.352730431110645
-1.35666810138197 -0.357576550078312
-1.35541383849446 -0.366154952993829
-1.35314163865671 -0.374464723195185
-1.35081849380106 -0.38276039501136
-1.3484444913926 -0.391041656115
-1.35273061587815 -0.401299038802355
-1.35215679660186 -0.410172279966303
-1.36298649089523 -0.422607331080364
-1.36132111381271 -0.431264523565344
-1.36055214350082 -0.440225005810575
-1.35782536163589 -0.448564909710929
-1.356942605196 -0.457526921230674
-1.35505538023602 -0.46616967721061
-1.35216950833513 -0.474475365204521
-1.35582350773913 -0.485121408161789
-1.35376083886801 -0.493774129266337
-1.35351765030478 -0.503116617808596
-1.35040510518557 -0.511412174953312
-1.35190667762271 -0.521487951185251
-1.3514736479026 -0.530870080832074
-1.35376192465794 -0.541380492507529
-1.35226698885405 -0.550430833297661
-1.34978807541512 -0.559100527166422
-1.34541053259235 -0.566983782994473
-1.34282541533081 -0.575622403970057
-1.34018479696934 -0.584250585128784
-1.33657467417272 -0.592462806099384
-1.33656111595549 -0.602296121682975
-1.33284033604292 -0.610485768462742
-1.32997601351478 -0.619074450789263
-1.33700024729226 -0.632354022327223
-1.33309502730201 -0.640545797734733
-1.32913961703746 -0.648713456954996
-1.33230190994143 -0.66040967683714
-1.33358390894395 -0.671269728895378
-1.33656357520109 -0.683080485542716
-1.33234711170412 -0.691268626669311
-1.32808048609144 -0.699430741922817
-1.3237638589991 -0.707566524004211
-1.31939739294566 -0.715675666605893
-1.3149812523261 -0.72375786442323
-1.31837351316617 -0.736200795295007
-1.32862289599692 -0.75265557384958
-1.32397967726469 -0.760793682153166

0 0
0 0
0.657052622864402 -0.361637857799735
0.65838016891198 -0.357122629456029
0.660559038351304 -0.353076161951718
0.662713038116184 -0.349016401329469
0.664842087109745 -0.344943500436975
0.666946105174498 -0.340857612616652
0.672597917540815 -0.33855734066314
0.67645456769737 -0.335312243504677
0.680296596670128 -0.332032505331725
0.684123831641085 -0.328718235769552
0.688839863343904 -0.325796991591457
0.706238093588583 -0.328738229465782
0.709151054989737 -0.324815069783147
0.712042427516183 -0.320868524040624
0.726796771041829 -0.322166851397161
0.728759867935962 -0.317701245546738
0.738048453147583 -0.316375621132055
0.756563062771024 -0.318831298709456
0.764048393651678 -0.316479206959902
0.777090435994235 -0.316309234609376
0.785516158690965 -0.314134351926163
0.799528844864831 -0.314061575051559
0.802373820344445 -0.30950973656843
0.817350399726757 -0.309538925777223
0.822983672125396 -0.305911608569118
0.825784721157932 -0.3011987937191
0.848331224280136 -0.303537765617187
0.855839327744796 -0.300313440796403
0.881306066032107 -0.303189205635552
0.890730509777959 -0.300331927249108
0.906799453215679 -0.299566075542701
0.926697745357141 -0.299845560703604
0.930426762662311 -0.2947578278487
0.947500080404983 -0.293781693988308
0.961725032847824 -0.29173609925655
1.03539979403063 -0.30716015239362
1.18613170521729 -0.343971820374795
1.18918211439977 -0.336960011975625
1.19219109725048 -0.329923709738803
1.19322758886135 -0.322341545660891
1.1942159555731 -0.314759093257457
1.19128219443063 -0.306180959815154
1.19119842240231 -0.298379671812233
1.19300682167653 -0.291064998785119
1.19477030491821 -0.28373936732531
1.19356576714239 -0.275727796782165
1.19523513255975 -0.268399024415946
1.19588254072153 -0.260847052104318
1.1964821929059 -0.253297223353956
1.1980138720112 -0.24595097838487
1.19165414842716 -0.237034747761438
1.19308613374469 -0.229718433252862
1.19447320004361 -0.222393469975111
1.19581529510167 -0.215060133708914
1.20105354567332 -0.208402559681256
1.20230967024654 -0.201029110548255
1.20352052854022 -0.193648092782864
1.20567426090579 -0.186412570386863
1.20283871535876 -0.178424268692098
1.19995056311242 -0.170477787815262
1.19998317560789 -0.162977249424938
1.20195223374194 -0.155739711875167
1.19891534121089 -0.147872103462228
1.19980009813808 -0.140512913573897
1.2006396832697 -0.133148433453789
1.19845035041685 -0.125466573284241
1.19919763834869 -0.118110658303559
1.19890408192524 -0.110658394228344
1.19956050003715 -0.103299973963251
1.20017175537423 -0.095937664512524
1.20073782492307 -0.0885717430629521
1.19826549723846 -0.0810001537635945
1.19873994782916 -0.0736462100884737
1.20016766975017 -0.0663446849190079
1.19555818774831 -0.0587340074801676
1.19489706148282 -0.051354159552897
1.19618892103704 -0.0440582468436654
1.19943534866259 -0.0368097652746525
1.19663951267419 -0.0293758511972473
1.19979674583063 -0.022088076764667
1.1999096898871 -0.0147258465280164
1.19697749351565 -0.0073446540888836
1.19700002670288 7.32926919112951E-17
1.19997745802194 0.00736306187156722
1.1999096898871 0.0147258465280165
1.19979674583063 0.0220880767646671
1.1996386301048 0.0294494753977118
1.20043492478814 0.036840441511264
1.20018627824039 0.0442054782276805
1.2038887048177 0.0517406014493138
1.20354856759088 0.0591265496702948
1.19916926653836 0.0662894936751683
1.19873994782916 0.0736462100884739
1.18230189582105 0.0799210488637116
1.18079191592501 0.0871004444245125
1.18023524957101 0.0943440077740308
1.17963414802693 0.10158401912498
1.19193362170765 0.110015023381302
1.23203872673622 0.121345223186624
1.24320571341782 0.130152042340068
1.25132893779196 0.13876976592066
1.25244030492591 0.146677797906186
1.2535016635562 0.154604684177489
1.25252943023329 0.162293115403105
1.25151003988527 0.169975436384654
1.2504435308916 0.177651357887094
1.24932994340574 0.185320590916319
1.26299328654196 0.195274820537979
0 0
0 0
0 0
0 0
0 0
0 0
0 0
0 0
0 0
0 0
0 0
0 0
0 0
0 0
0 0
0 0
0 0
0 0
0 0
0 0
0 0
0 0
0 0
0 0
0 0
0 0
0 0
0 0
0 0
0 0
0 0
0 0
0 0
0 0
0 0
0 0
0 0
0 0
0 0
0 0
0 0
0 0
0 0
0 0
0 0
0 0
0 0
0 0
0 0
0 0
0 0
0 0
0 0
0 0
0 0
0 0
0 0
0 0
0 0
0 0
0 0
0 0
0 0
0 0
0 0
0 0
0 0
0 0
0 0
0 0
0 0
0 0
0 0
0 0
0 0
0 0
0 0
0 0
0 0
0 0
0 0
0 0
0 0
0 0
0 0
0 0
0 0
0 0
0 0
0 0
0 0
0 0
0 0
0 0
0 0
0 0
0 0
0 0
0 0
0 0
0 0
0 0
0 0
0 0
0 0
0 0
0 0
0 0
0 0
0 0
0 0
0 0
0 0
0 0
0 0
0 0
0 0
0 0
0 0
0 0
0 0
0 0
0 0
0 0
0 0
0 0
0 0
0 0
0 0
0 0
0 0
0 0
0 0
0 0
0 0
0 0
0 0
0 0
0 0
0 0
0 0
0 0
0 0
0 0
0 0
0 0
0 0
0 0
0 0
0 0
0 0
0 0
0 0
0 0
0 0
0 0
1.56717590479416 3.21096403904713
1.54008172062124 3.2051967098364
1.51525531472565 3.20373818931885
1.49556902249682 3.21297531167799
1.47332782810491 3.21663642128388
1.45356318308565 3.22561603861592
1.43171765590494 3.22990327789029
1.40108255670557 3.21387704110188
1.38054818201897 3.22057510812288
1.35959607293431 3.22622080465191
1.33977476021241 3.23450239662997
1.31990300572804 3.24266221142094
0 0
0 0
0 0
0 0
0 0
0 0
0 0
0 0
0 0
0 0
1.47744100924479 4.47227776681483
1.4453541128409 4.46698758677414
1.41670990364825 4.47195862075523
1.38924381223194 4.48056720594807
1.36172541657129 4.48900710031804
1.33102736094304 4.48673255508576
1.30347223131951 4.49481512396498
1.2758680267032 4.50272846559526
0 0
0 0
0 0
0 0
0 0
0 0
0 0
0 0
0 0
0 0
0 0
0 0
0 0
0 0
0 0
0 0
0 0
0 0
0 0
0 0
0 0
0 0
0 0
0 0
0 0
0 0
0 0
0 0
0 0
0 0
0 0
0 0
0 0
0 0
0 0
0 0
0 0
0 0
0 0
0 0
0 0
0 0
0 0
0 0
0 0
0 0
0 0
0 0
0 0
0 0
0 0
0 0
0 0
0 0
0 0
0 0
0 0
0 0
0 0
0 0
0 0
0 0
0 0
0 0
0 0
0 0
0 0
0 0
0 0
0 0
0 0
0 0
0 0
0 0
0 0
0 0
0 0
0 0
0 0
0 0
0 0
0 0
0 0
0 0
0 0
0 0
0 0
0 0
0 0
0 0
0 0
0 0
0 0
0 0
0 0
0 0
-1.30962132599541 3.96428033508405
-1.3134728681855 3.89552442250997
-1.31522958318772 3.82309062573138
-1.3184653467964 3.75738925658687
-1.31656562480733 3.67955442403343
-1.32643973605789 3.63664692692927
-1.32608157810517 3.5675124974548
-1.33342571036138 3.52096601302479
-1.34060906257623 3.4753983091251
-1.33741243034939 3.40474575843787
-1.34268303848713 3.35747814992175
-1.33988438840232 3.29175132952179
-1.34360159088651 3.24374118314428
-1.34095547291658 3.18198804112342
-1.34430091132743 3.13601662675511
-1.34833207924367 3.09287521461381
-1.3490484293938 3.04340449121421
-1.34961985218817 2.9949543933902
-1.35006467672746 2.94752269482089
-1.34829093764651 2.89657343155262
-1.35064660783248 2.85570232008745
-1.3503865404011 2.81040573259648
-1.35313111262324 2.77241076094756
-1.35101958834902 2.725529381317
-1.35153167580819 2.6850322868749
-1.35523899711051 2.65175644388496
-1.35490495703336 2.61143589697521
-1.35599164267987 2.57475963237677
-1.35715129343561 2.53905148490779
-1.35601705849947 2.49991086082192
-1.35300777665651 2.45825288817078
-1.3631903658759 2.4411737711502
-1.35793457600078 2.39708976007806
-1.35866696567121 2.36443531658747
-1.36408553721752 2.34050256281143
-1.35501472394121 2.29248874954288
-1.35568897958274 2.26183041655417
-1.35915467975537 2.23637834356902
-1.35449056968099 2.19819912321228
-1.35629737519633 2.17118823637425
-1.35461400824865 2.13916928200089
-1.36123222976329 2.12071872773194
-1.35731394090784 2.08634136087382
-1.35412663442235 2.05376270431398
-1.35781365267891 2.03211173722513
-1.35904367460424 2.00718121023662
-1.36058512362985 1.98313744620371
-1.36644913613638 1.96571946474031
-1.36351381484973 1.93604086249366
-1.36433211275002 1.91217151392885
-1.3695954253701 1.89484897743513
-1.36170115222217 1.85978366478134
-1.3635557284349 1.83854206713514
-1.36279882379838 1.81415010630573
-1.36421638898808 1.79302056278114
-1.36603681474762 1.77273464237457
-1.36396844101109 1.74776403606279
-1.3585454893452 1.71896367944935
-1.35906950589218 1.69810362105811
-1.3644260985559 1.68351734808601
-1.3664831619187 1.66506455045455
-1.37028284392086 1.64895759698667
-1.37522427630952 1.63439739904371
-1.37485061056818 1.61374915159873
-1.37166306364006 1.59013868598321
-1.37547384838019 1.57491365713696
-1.37782492478147 1.55820382206226
-1.37535386396192 1.53630918058091
-1.37736749580686 1.51969084572466
-1.37922925069582 1.50310594807328
-1.38230071998889 1.48802092638142
-1.37907343106661 1.46639882630889
-1.38321836167683 1.45283967879126
-1.38030929262628 1.43208504738691
-1.37929319248625 1.41356848232166
-1.38723793324868 1.404367222927
-1.38592931809961 1.38592931809961
-1.38302427740888 1.36615531102094
-1.38851784200506 1.35484996381482
-1.3831249063714 1.33311926174416
-1.38548474704409 1.31909113573288
-1.38553932134693 1.30302918379799
-1.37885540426784 1.28089113821471
-1.37932068931479 1.26564560750453
-1.38557869627516 1.25581532882223
-1.38357239140881 1.23861893077774
-1.3866515191309 1.22613165106735
-1.38511060317194 1.20970657860733
-1.38644946583366 1.1959595340023
-1.38767200463512 1.18224180068562
-1.38342248337968 1.16404748603326
-1.38900071507133 1.15425881995645
-1.3906459169168 1.14127360956609
-1.39296109822825 1.12894142662473
-1.38346642710614 1.10725105946948
-1.38944975526066 1.09812133918143
-1.38591312652683 1.08157721955648
-1.38856294105279 1.07000114497201
-1.3927146779367 1.05964439464011
-1.39359348445502 1.04687454189545
-1.3967779631207 1.03592113936921
-1.39826684260913 1.02378658698391
-1.39884918137948 1.01108714331068
-1.39607233261709 0.996095957520993
-1.39807006167759 0.984632029289853
-1.39341098986571 0.968614941011673
-1.3927314393529 0.955521101788774
-1.3960840363287 0.945275478423202
-1.3927116600781 0.930580180045311
-1.3950559668104 0.919815340496603
-1.39899705835222 0.910147421798329
-1.395298246491 0.895604362058441
-1.39992241240739 0.886491090847435
-1.39430989215113 0.870997187278834
-1.39707389949087 0.860851686285151
-1.39549331072644 0.848108402272505
-1.397239963768 0.837473405101107
-1.40063058962034 0.827866689472941
-1.40050004426632 0.816235745950814
-1.40027979813661 0.804637746305877
-1.39387946181905 0.789622961770028
-1.39695198628547 0.7800802678616
-1.4008361650025 0.771011897998994
-1.40378263290782 0.761448428614156
-1.3996091625879 0.748106683381997
-1.40240343476536 0.738572763567818
-1.4051335758145 0.729032808873558
-1.40601863675644 0.718577036586681
-1.40236219972844 0.705889811140786
-1.40218723213603 0.695051181665595
-1.40462826444237 0.685557217227563
-1.40430158278028 0.674760207772014
-1.39756755838121 0.66100022704275
-1.40159707071308 0.652412470572648
-1.40375539277032 0.642967253102034
-1.40767414036997 0.63434186825953
-1.40879735036816 0.624476916668433
-1.40618571376163 0.613023538188788
-1.40716332359165 0.603201820472526
-1.4089950065799 0.593779593438822
-1.40984018775814 0.583974926548054
-1.40876580390816 0.5734282813659
-1.41040078582639 0.564030837443318
-1.4073197232645 0.552806883364282
-1.40881922856415 0.543441544638439
-1.41212720257177 0.534786962226958
-1.41538201078835 0.526112245388611
-1.4129467359093 0.515361742039098
-1.41419927390168 0.506008591280867
-1.41255949955618 0.495666172246594
-1.41273741716441 0.486013601619867
-1.41000739287086 0.475419033128164
-1.41289796622744 0.466758440782109
-1.40812384918132 0.455617473133239
-1.41089295790708 0.446968810752765
-1.41265387537002 0.438007190825742
-1.40765930595822 0.42700878211144
-1.41025288380081 0.418363508665122
-1.41279336641939 0.409702484069162
-1.41816704256517 0.401843904192416
-1.41771466539624 0.392334486339787
-1.41430288931063 0.382063391450821
-1.4127527062706 0.372358750314431
-1.41501086194018 0.363683253122728
-1.41624566666779 0.354751071927723
-1.41450975236683 0.345106391575872
-1.41465480277889 0.335958516102952
-1.4118178827358 0.326146614607089
-1.41476813508097 0.317696808675023
-1.41473682231446 0.308583758887813
-1.41366865200465 0.29927594946118
-1.41253963294669 0.289992889771311
-1.414292405208 0.281320250486993
-1.41599193015961 0.272637019654248
-1.41763814381537 0.263943524191808
-1.4182468454387 0.255063100013584
-1.41682933150346 0.245843210221965
-1.41337958988825 0.236320516131281
-1.41282844143001 0.227326021139128
-1.41617318126595 0.218958379881475
-1.41452247528429 0.209824588266483
-1.4157833067686 0.201141291635925
-1.41699083481161 0.192450422149422
-1.41715325785427 0.183623802897783
-1.41726086721768 0.174802455508253
-1.41731349702369 0.165986691635933
-1.41532354992781 0.156956425919508
-1.41625997338634 0.148269209215557
-1.41714307545734 0.139576410259681
-1.41996445078598 0.131062182833662
-1.42074190279221 0.122346977549186
-1.4214658646688 0.113627165970155
-1.42213630915901 0.104903076392549
-1.4207576716404 0.0960401431309654
-1.42032217174863 0.087259413723004
-1.42083084828229 0.0785428380787142
-1.42228475440183 0.0698723694589024
-1.42168770377708 0.0611011437952305
-1.41903786235771 0.0522662593848982
-1.4193318491096 0.0435582228511258
-1.41957239881958 0.0348485463748827
-1.41975950243109 0.026137557870565
-1.41989315289979 0.0174255853019664
-1.42197328179565 0.00872522828123442
-1.42200005054474 8.70695148516415E-17
-1.42197328179565 -0.00872522828123424
-1.4218929765562 -0.0174501280625553
-1.42175913784984 -0.0261743708564177
-1.42257151625018 -0.0349221705753466
-1.42233045833306 -0.0436502479042384
-1.42303510043254 -0.0524134863811496
-1.42268670909243 -0.0611440789400326
-1.42228475440183 -0.0698723694589022
-1.4218292514941 -0.0785980293225538
-1.42132021751868 -0.0873207300148251
-1.4207576716404 -0.0960401431309652
-1.42811997486077 -0.105344458091459
-1.4284435763433 -0.11418494060424
-1.42671970150253 -0.122861754795614
-1.42593897835212 -0.131613629472896
-1.42809014446494 -0.140654602448887
-1.42720022065555 -0.149414551060777
-1.42625656356451 -0.158168874299268
-1.42525920871998 -0.166917242569039
-1.42718565309864 -0.176026561092846
-1.426078708058 -0.18478029398292
-1.43185436016806 -0.194469130851837
-1.43063416575964 -0.203251163213786
-1.42936010878348 -0.212025543284318
-1.42803223720711 -0.220791940712982
-1.42665060102413 -0.229550025449871
-1.42521525225237 -0.238299467758044
-1.42569677484655 -0.247381857601331
-1.43005733181855 -0.257187144412767
-1.42845234074205 -0.265956969767171
-1.42679356924229 -0.274716781991983
-1.42508107977107 -0.283466251285223
-1.42331493680266 -0.292205048234319
-1.42149520683134 -0.300932843828503
-1.42450709442337 -0.310714860054596
-1.43037940079865 -0.321202435621873
-1.43130465180747 -0.330648288541151
-1.43119474299594 -0.339886494688848
-1.42908229683414 -0.348661742275137
-1.43273627475489 -0.358881754219167
-1.43244426610271 -0.368163951687922
-1.43112519559 -0.377201181075859
-1.42878379212602 -0.385975299488862
-1.42927994417803 -0.395535030018272
-1.42682608106811 -0.404297481051937
-1.42431849876268 -0.41304471051395
-1.42655080447382 -0.423198425405962
-1.42488423838967 -0.432233908239879
-1.42507072148872 -0.441857155762089
-1.42233271039596 -0.450592907489944
-1.42905549041664 -0.462390188114037
-1.4299894798169 -0.47240471420334
-1.43464463992583 -0.4837260932422
-1.43164954563599 -0.492519801258309
-1.43331851334134 -0.502950496132236
-1.43020548529688 -0.511735705294641
-1.42797811394883 -0.520844324626836
-1.42944208255829 -0.531338520608182
-1.42802528478259 -0.540807727973327
-1.43680898583606 -0.554238385437808
-1.43431200596762 -0.563409676339704
-1.43361341570091 -0.573313758439222
-1.43099489476793 -0.582476477547751
-1.43478499945481 -0.594307405863655
-1.43664040139543 -0.605429933729146
-1.43657502645013 -0.615809591304808
-1.43368616860952 -0.625012300389734
-1.42982417649306 -0.633797467663485
-1.42864338084504 -0.643791261977483
-1.42557546858405 -0.652961582798424
-1.42426194171102 -0.662962467281371
-1.42287925600233 -0.672971768435549
-1.42593389149949 -0.685154428860235
-1.42260173661539 -0.694329533632391
-1.42637838325502 -0.70704251048799
-1.42201320079865 -0.715781293838242
-1.43184158264389 -0.731774426327224
-1.42909990736127 -0.741467386131316
-1.42540817957597 -0.750688163123143
-1.42871255758287 -0.763662772100781
-1.42927392124923 -0.775275570363809
-1.42887036039407 -0.786441752494286
-1.42663724969027 -0.79665699237017
-1.42346234981526 -0.806381460820437
-1.42975930102624 -0.82157744707061

0 0
0 0
1.3141052457288 -0.723275715599469
1.33258256376772 -0.722827648236178
1.35110343417414 -0.722179831387436
1.61652442371695 -0.851339123537767
1.64834687497736 -0.855220438075517
1.68205769001043 -0.859652922555755
1.71856368412878 -0.865052263001662
1.7605738174845 -0.872700081848554
1.79824775497904 -0.877671166099278
1.84506124291081 -0.886543120711823
1.88843362126531 -0.893162584467383
1.93376876050309 -0.900126634763988
1.98016805965629 -0.906983670057329
2.02763441168044 -0.913715300981971
2.06885668761939 -0.91706109823091
2.12944563278766 -0.928327093225926
2.19392484111927 -0.940459032690849
2.24204373857102 -0.944843532690877
2.28383031714616 -0.945993491520787
0 0
0 0
0 0
0 0
0 0
0 0
0 0
0 0
3.42996243639013 -1.20357149722137
3.4240443993505 -1.17794866223253
3.42457440365529 -1.15468036557336
3.42399879489338 -1.13113641391355
3.42992349558025 -1.10979803161857
3.43666852094561 -1.08873152505995
3.44328415768358 -1.06762402837477
3.4602964219278 -1.04966944389015
3.6210232057113 -1.07420732175094
0.00672301384342615 -0.00194963788587424
0 0
0 0
0 0
0 0
0 0
0 0
0 0
0 0
0 0
0 0
0 0
0 0
0 0
0 0
0 0
0 0
0 0
0 0
0 0
0 0
0 0
0 0
0 0
0 0
0 0
0 0
0 0
0 0
0 0
0 0
0 0
0 0
0 0
0 0
0 0
0 0
0 0
0 0
0 0
0 0
0 0
0 0
0 0
0 0
0 0
0 0
0 0
0 0
0 0
0 0
0 0
0 0
0 0
0 0
0 0
0 0
0 0
0 0
0 0
0 0
0 0
0 0
0 0
0 0
0 0
0 0
0 0
0 0
0 0
0 0
0 0
0 0
0 0
0 0
0 0
0 0
0 0
0 0
0 0
0 0
0 0
0 0
0 0
0 0
0 0
0 0
0 0
0 0
0 0
0 0
0 0
0 0
0 0
0 0
0 0
0 0
0 0
0 0
0 0
0 0
0 0
0 0
0 0
0 0
0 0
0 0
0 0
0 0
0 0
0 0
0 0
0 0
0 0
0 0
0 0
0 0
0 0
0 0
0 0
0 0
0 0
0 0
0 0
0 0
0 0
0 0
0 0
0 0
0 0
0 0
0 0
0 0
0 0
0 0
0 0
0 0
0 0
0 0
0 0
0 0
0 0
0 0
0 0
0 0
0 0
0 0
0 0
0 0
0 0
0 0
0 0
0 0
0 0
0 0
0 0
0 0
0 0
0 0
0 0
0 0
0 0
0 0
0 0
0 0
0 0
0 0
0 0
0 0
0 0
0 0
0 0
0 0
0 0
0 0
0 0
0 0
0 0
0 0
0 0
0 0
0 0
0 0
0 0
0 0
0 0
0 0
0 0
0 0
0 0
0 0
0 0
0 0
0 0
0 0
1.7481364072365 2.26859330235321
1.72389000879304 2.26574776456955
1.69554043700475 2.25709386471624
1.67272369928024 2.25540681886951
1.65117341176694 2.25513897371251
1.63730505628358 2.26522793094898
1.62337505719025 2.27523160363417
1.59786778609787 2.26879793446661
1.57706734350249 2.26870645408329
1.55802551264476 2.27091909400233
1.52948487183276 2.25890701928903
1.51559568680876 2.26824923874895
1.50164944046377 2.27750605990706
1.50018913363991 2.30595630407581
1.50221693984309 2.340364507822
1.50815842107638 2.38164240670201
1.50729132739031 2.4129024052303
1.51239212620288 2.45445713701449
1.51028733926328 2.48505482738932
1.51094803186286 2.52086449603795
1.5158050412207 2.56452268901663
1.51615415215284 2.60142240490969
1.52358024931629 2.65142749485993
1.5072827150846 2.66072609515017
1.50994290549511 2.70397525474042
1.5265938840219 2.77363803017772
1.73697965514256 3.20224165153398
0.00329977725963519 0.00617344904099243
0 0
0 0
0.00318558520821288 0.00623314125510975
0 0
1.74806480931367 3.52652325644878
1.72639356257351 3.53718279467427
1.70249190269117 3.54320252747866
1.67174045200975 3.53459821370269
1.64242513766259 3.52847066180824
1.61907823370982 3.53484534542309
1.59407155072194 3.53741950851755
1.56909445594208 3.53982037286777
1.54694539346034 3.54846490671519
1.5251433013013 3.55788998635893
1.50328378835898 3.56718111345562
1.50547672000239 3.63454231526673
1.51406186153915 3.71966058328549
1.51831608964036 3.79666157203119
1.51985325558439 3.86919831756543
1.53243320010926 3.97268368622865
1.57567365159226 4.16063177105792
0.00243893083702777 0.0065613732859159
0 0
0.00235822904653627 0.0065908086597176
0 0
0 0
0 0
0 0
0 0
0 0
0 0
0 0
0 0
0 0
0 0
0 0
0 0
0 0
0 0
0 0
0 0
0 0
0 0
0 0
0 0
0 0
0 0
0 0
0 0
0 0
0 0
0 0
0 0
0 0
0 0
0 0
0 0
0 0
0 0
0 0
0 0
0 0
0 0
0 0
0 0
0 0
0 0
0 0
0 0
0 0
0 0
0 0
0 0
0 0
0 0
0 0
0 0
0 0
0 0
0 0
0 0
0 0
0 0
0 0
0 0
0 0
0 0
0 0
0 0
0 0
0 0
0 0
0 0
0 0
0 0
0 0
0 0
0 0
0 0
0 0
0 0
0 0
0 0
0 0
0 0
0 0
0 0
0 0
0 0
0 0
0 0
-0.00136563229626545 0.00686549717473779
0 0
0 0
0 0
-0.0015337087284386 0.00682991512108658
0 0
-1.05593559450642 4.44633574859562
-1.02157184129479 4.18718217781
-1.02707727791864 4.10032233667662
-1.03553892061679 4.02905222622416
-1.04342009694983 3.95880200075393
-1.04604524774705 3.87219725663962
-1.05111503672814 3.79824169037589
-1.06076976789348 3.74361464459518
-1.06255269734527 3.66404271551114
-1.06368425969052 3.58555123382619
-1.07318252877044 3.53780867490739
-1.0776931348508 3.47575888089091
-1.07755725078826 3.40139602653353
-1.08424645512617 3.35095421462686
-1.08941669996116 3.29771141828773
-1.0952530292809 3.24832360662756
-1.10247663784256 3.20466339344965
-1.10324629541762 3.14405364376372
-1.10803081969401 3.0967386871939
-1.11673129928771 3.06169766885145
-1.11703032011382 3.00510895621984
-1.12128176674067 2.96079111197602
-1.12179286594761 2.90813865006318
-1.12901295883904 2.87420843084611
-1.12286325683472 2.80780254319767
-1.13177628070483 2.78048323346289
-1.13121226037701 2.7309879809249
-1.13707437895291 2.69819330229249
-1.14100100588077 2.66175384948084
-1.13493278853945 2.60336867004989
-1.14034911016972 2.57258637112248
-1.14050065226019 2.53089596571437
-1.14684708634798 2.50384879537313
-1.14193277061464 2.45324805768949
-1.15097837593855 2.4335393133019
-1.14856488937859 2.39037731256551
-1.14917459934956 2.35452721153372
-1.1529411737086 2.3259285586769
-1.15370277222889 2.29201375619944
-1.15773271335366 2.26530168440956
-1.15871541170387 2.23330131371523
-1.16028147890613 2.20314478353112
-1.1634072283063 2.17658183348569
-1.16195974094334 2.14215282766165
-1.16640261639542 2.11921368819443
-1.16817025532012 2.09193569651805
-1.1716190489965 2.06819685918381
-1.17731205403049 2.0488304121081
-1.17123038811342 2.00960104790333
-1.1692917170604 1.97827230873023
-1.17986583714637 1.96848722539013
-1.182054245504 1.94497400107893
-1.18032678602656 1.91554918448685
-1.17563429673646 1.88197913085456
-1.18394976444338 1.86966098985194
-1.18243542386582 1.84216395475881
-1.18935379662811 1.82816807801874
-1.18458566170118 1.79662506461577
-1.18780916455391 1.77768204061825
-1.19701245983443 1.76787616372846
-1.19086547248999 1.73576049809027
-1.20149348097885 1.72842080971757
-1.19192305507897 1.69240070357152
-1.19821931297992 1.67935711276439
-1.19795666319125 1.65738503225954
-1.1986514609877 1.63709372153598
-1.20212127145534 1.62087289963973
-1.20543739899219 1.60467146532416
-1.20617805684313 1.58530719594957
-1.21160995195337 1.57233166169856
-1.21385195872556 1.55540754080223
-1.21469214643887 1.5369464606203
-1.21785121747448 1.52165695230271
-1.21016472701939 1.49317967029158
-1.21930392422777 1.48572613043479
-1.2207277445463 1.46898744091573
-1.21748546848079 1.44693132410256
-1.22180117234478 1.43410534216433
-1.22404595503686 1.41900943323508
-1.22746732670501 1.40544660939478
-1.22348202207035 1.38365501213214
-1.22928089306335 1.37314153906955
-1.22559512461824 1.35223583910411
-1.23251704826526 1.34321665917004
-1.2339296654724 1.32830225533017
-1.23315065099186 1.31123595491064
-1.23289856764075 1.29495386167515
-1.24012704230464 1.28664452498581
-1.24031631818783 1.2711380474076
-1.23052359038436 1.24571780799513
-1.23460847636659 1.23460847636659
-1.23931495826343 1.224198837226
-1.2389301056639 1.20888933368255
-1.23552436134015 1.19085508247976
-1.23846253947484 1.17911435780427
-1.24348881383976 1.16943791431658
-1.23891844955783 1.15089635802093
-1.23711512173683 1.1351597434397
-1.24405704263838 1.12754757869363
-1.24946194029138 1.11855890023604
-1.24431565060953 1.10027269438759
-1.24426464445558 1.08669670312211
-1.24863742471785 1.0770820497994
-1.25522277068644 1.06940027882751
-1.24875304535985 1.05073313509866
-1.24979301535833 1.03857729909321
-1.25304998470981 1.02835154629951
-1.25778248593775 1.01938435744132
-1.26323285965586 1.01102267088358
-1.25999794665845 0.995811922893796
-1.2582009578863 0.981909664918395
-1.26103377153169 0.971729505012034
-1.2590139967527 0.95791847789593
-1.26166986555214 0.947772845708805
-1.25701983272711 0.932269445616847
-1.2619096783904 0.923948250328641
-1.26269238598547 0.912673113313888
-1.26664062140519 0.903746584711983
-1.26889166743732 0.893654339438905
-1.26121347398924 0.876719233303127
-1.26492002271421 0.867832619862544
-1.26194068924677 0.854448269393856
-1.26383389395974 0.844466809822265
-1.2639824412968 0.833393403048433
-1.2665575612697 0.823986077788148
-1.26317406045868 0.810797405809804
-1.26390097712218 0.800356466902624
-1.2662437006739 0.790996827824963
-1.27022203579994 0.78268786058735
-1.27414600873604 0.774359810559383
-1.27801573932956 0.766013155036588
-1.27322228105998 0.752559827406044
-1.27608800983728 0.743726251828914
-1.27455800571446 0.732394684704398
-1.27467747101655 0.722095868068885
-1.27384567009948 0.7113357375924
-1.27818636434742 0.703506176805608
-1.27632577205508 0.692312492510301
-1.27702205553847 0.682582509540084
-1.28118626350123 0.67473400009003
-1.27820110417126 0.663175770132102
-1.28224621242434 0.655320391502027
-1.28177692758549 0.645192285925241
-1.28481561582173 0.636871162090762
-1.28240850368333 0.625905392472738
-1.28352078054296 0.616725608785679
-1.28456889674078 0.607555840363964
-1.28736596957895 0.599240416731783
-1.28556355930381 0.588831412275035
-1.28824072060438 0.580521444587602
-1.287207438038 0.570579815335811
-1.28610082772325 0.560672798879027
-1.28216391514383 0.54961893533787
-1.28459062005696 0.541353015838026
-1.28604038238537 0.532695368143501
-1.28743233373557 0.524040339750471
-1.29155198804499 0.51650222882694
-1.29376617354112 0.508202105302964
-1.29686008825512 0.500254138538124
-1.29429403661829 0.490162341473897
-1.29540259759738 0.481514647006567
-1.29457482983445 0.472186475645235
-1.29744774157658 0.464234225042708
-1.29838464252502 0.455602292198201
-1.30021018512339 0.447301690503121
-1.29440197064782 0.436439792072028
-1.2961059755649 0.428175578635988
-1.29680596715305 0.419599070239379
-1.29744957910724 0.411030115456451
-1.29994718836135 0.403061376975189
-1.29952501425393 0.394206603338715
-1.29808459278093 0.385087831422348
-1.29946253581834 0.376837152221979
-1.29886391870197 0.368038836357231
-1.30013400559003 0.359795535523707
-1.29845555170355 0.350768096057425
-1.29864945317754 0.342284594703218
-1.30072522525886 0.334309788048068
-1.30275202577063 0.32632239481835
-1.30472977840494 0.318322715734906
-1.30665840870054 0.310311051981131
-1.30658919036846 0.301837543164648
-1.3074408868192 0.293595669123498
-1.30628663884639 0.284928500369907
-1.30507548076754 0.276286598752368
-1.30674617579048 0.268273605126796
-1.30542529613958 0.259665236092415
-1.30699399781335 0.251650408932526
-1.30654730624114 0.243260032214195
-1.31096785995448 0.235769624627461
-1.30943410043061 0.227208369890518
-1.31080357505269 0.219169556161252
-1.30718719627807 0.210328200862897
-1.31141781405565 0.202761868189486
-1.30868059532152 0.194124428479291
-1.30786699395258 0.185809548109478
-1.30898247967993 0.177781129285915
-1.31004868295677 0.169746017103317
-1.31106556364113 0.161704514079116
-1.31203308344804 0.153656922971356
-1.31493899429861 0.145823988343746
-1.3187927146942 0.13806529634486
-1.31961504152646 0.129970737331164
-1.32138338084025 0.121963187287673
-1.32210685822018 0.113853035362994
-1.32178381097364 0.105658920273235
-1.31941534741986 0.0973259230444208
-1.31998769043598 0.0892283105353316
-1.32051033666162 0.0811273386307828
-1.32098326641945 0.0730233123277879
-1.32140646190391 0.0649165367383568
-1.32577616664204 0.0569790678944963
-1.32610082626839 0.0488431856505318
-1.32237749275231 0.0405827668552306
-1.32260161054588 0.032468047137947
-1.32277593313635 0.0243521050170397
-1.32290045396058 0.0162352460531424
-1.32597513283671 0.00813618362409083
-1.33000004291534 8.1436325156908E-17
-1.32897509734299 -0.00815459140677408
-1.32890004413012 -0.0163088757977908
-1.32877495858169 -0.0244625461688515
-1.32859984540709 -0.0326152955388752
-1.32637555894814 -0.0407054644882334
-1.32610082626839 -0.0488431856505316
-1.32577616664204 -0.0569790678944961
-1.32540159229235 -0.0651128049087591
-1.32897108725179 -0.0734648751774365
-1.32949334351683 -0.0816792218071821
-1.32896714189712 -0.0898353020165522
-1.32938824247574 -0.0980615679788512
-1.33274875251064 -0.106535420555686
-1.33306633401034 -0.114796808989868
-1.33233685943528 -0.122974189227539
-1.33454279819031 -0.131440993033961
-1.33470566151329 -0.139731233450682
-1.33382316132607 -0.147918203029319
-1.33587010013682 -0.156448561904415
-1.33687005425675 -0.164887194436053
-1.33384964705798 -0.172829962694012
-1.33970047933316 -0.181953133688213
-1.33954880286196 -0.190310604122026
-1.33736675750471 -0.198379618675418
-1.33019476062118 -0.205665022869646
-1.333844285607 -0.214617362854968
-1.33250230898309 -0.222797637420182
-1.33111016440037 -0.230969523780272
-1.33360469395661 -0.23984072203455
-1.33997281405856 -0.249483373741593
-1.33841678824585 -0.257700595907653
-1.34073357932899 -0.266688490289732
-1.34396981474204 -0.275915578757547
-1.34518650136401 -0.2847781669539
-1.34439076995363 -0.293239810163195
-1.34256617652761 -0.301483316694462
-1.34458845974839 -0.310615823435324
-1.34265724538782 -0.318860215869829
-1.34164691421794 -0.327329609824127
-1.34058327794859 -0.335798630176638
-1.34237165868688 -0.345013670822007
-1.34796525227864 -0.355282743099987
-1.34672534283882 -0.363807820606637
-1.34639523560825 -0.372597742032288
-1.3469700577317 -0.381669923629127
-1.34460281877558 -0.389927591700781
-1.34601972081119 -0.399308194721305
-1.34641511443266 -0.408430559721946
-1.34674912929156 -0.417572777842345
-1.35083471191221 -0.427942446890234
-1.35198928184629 -0.437454376371912
-1.3559263297243 -0.447937554307189
-1.35315231163108 -0.456248929561256
-1.35316418993389 -0.465519065002765
-1.35028234571558 -0.473813161118724
-1.3492327280165 -0.482763189469107
-1.35188183261887 -0.493088775806615
-1.35445492137906 -0.503465011235721
-1.3560161340045 -0.513537128747545
-1.35470556437278 -0.522567600942924
-1.35333526881431 -0.531601340997903
-1.35469047412754 -0.541751827053149
-1.35504563901313 -0.551561863438242
-1.35348354596684 -0.560631241188294
-1.35462566419753 -0.570867229757916
-1.35109738828044 -0.579168310161943
-1.36035180447623 -0.59304234725207
-1.35851575277439 -0.602188617345383
-1.35661860779449 -0.611334653031152
-1.35284199091955 -0.619647200119396
-1.35173424644296 -0.629202427507098
-1.35236802906668 -0.639622441790109
-1.36554359782998 -0.656137180995873
-1.36778260363554 -0.667573947682809
-1.36545260820589 -0.676842169926276
-1.36395357011025 -0.686556531683729
-1.36149613690435 -0.695822824680251
-1.36607740627468 -0.708769091976075
-1.36612674613542 -0.719467723241822
-1.37138762493629 -0.733021957233553
-1.376533237961 -0.74666764384268
-1.37192585857793 -0.75509983719915
-1.36813985865885 -0.763991116296412
-1.36864690090703 -0.775328892572404
-1.36473089462854 -0.784210407683669

