-20.6461832994927 -27.3287799071023
-20.6353105333366 -27.329976233615
-20.6223039328269 -27.3346180740043
-20.6115396689137 -27.3360076630705
-20.6040245197882 -27.3324136562351
-20.5964926415375 -27.3288691384547
-20.5894679804664 -27.3245221740237
-20.5777515869046 -27.3279148775518
-20.5686690117542 -27.3271164267305
-20.5596028906477 -27.3263862132508
-20.552563675542 -27.32226586812
-20.5430133322786 -27.3225270352475
-20.5344751581438 -27.3211207070403
-20.5254581174423 -27.3206494787271
-20.5150164231216 -27.3228756125071
-20.5079564872921 -27.3190291783796
-20.4975808613665 -27.3214036370369
-20.4886526891905 -27.321205752082
-20.4788263322166 -27.3228505609178
-20.4699510422236 -27.3227904111038
-20.4624429166339 -27.3201145916529
-20.4553670145591 -27.316591109835
-20.4447697353773 -27.3203049825032
-20.4359675516959 -27.320497584305
-20.4280416531345 -27.3189458538554
-20.4188550208147 -27.3201693513129
-20.4105345346264 -27.3196425975606
-20.4026373423916 -27.3182624961908
-20.3955511929911 -27.3151063680401
-20.388445792682 -27.3119938217067
-20.377786332554 -27.3172015812879
-20.3703069846533 -27.3151201720152
-20.3620577486831 -27.3149358442415
-20.3534488392917 -27.3157358046762
-20.3437575546528 -27.3193848067256
-20.3366794089132 -27.3165902900694
-20.3292255762716 -27.3147728188022
-20.3203548800521 -27.3167459435898
-20.3132609681389 -27.3140952131544
-20.3061509095561 -27.3114881026803
-20.2986893960405 -27.3098666465405
-20.291553640946 -27.3073491126888
-20.2827825378822 -27.3096057267386
-20.2743727080521 -27.3109780710164
-20.2656824443606 -27.3133596825578
-20.2579557364602 -27.312948512468
-20.2508396781194 -27.3106811017867
-20.2437098278312 -27.3084574398573
-20.2365664545554 -27.3062776105633
-20.2288437484823 -27.3060598857113
-20.2191915876578 -27.3126189149905
-20.2118030150713 -27.3115520371089
-20.2046792502556 -27.3095681173003
-20.19728402548 -27.3085938040832
-20.1901423653988 -27.3066991139811
-20.1829892030587 -27.3048483228437
-20.1758248082987 -27.3030415004886
-20.168649451382 -27.3012787150746
-20.161004166644 -27.3015065682229
-20.1538196618956 -27.2998348383808
-20.1455367836953 -27.303087397896
-20.1377273262977 -27.30444269432
-20.1297387079761 -27.3068284472551
-20.122587479291 -27.305348645768
-20.115427296724 -27.3039127941893
-20.1080708668034 -27.3035031253601
-20.1003549969524 -27.3051066387892
-20.093018241622 -27.3047918669185
-20.0768744759539 -27.3557711872715
-20.0275430840858 -27.6111210841693
-20.0208467509523 -27.6191511361854
-20.0113805283475 -27.6460120721842
-20.0061695729421 -27.6462422066175
-20.0001315608922 -27.6524469205145
-19.9932432136176 -27.6656322132115
-19.9882982895611 -27.6649839832507
-19.9833494774221 -27.6643661366528
-19.9775937968011 -27.6707324363943
-19.9724632188589 -27.6721684241228
-19.967558831376 -27.6716476991389
-19.9624585083622 -27.6731477627348
-19.9568379146372 -27.6806557992797
-19.9517334008572 -27.6832202549232
-19.9468972834025 -27.6828266415649
-19.9419869042777 -27.6834601348777
-19.9370208277446 -27.6851220176074
-19.9320773078673 -27.6868152002725
-19.9273171872871 -27.6855436920273
-19.9224958006344 -27.6852999963292
-19.917507901717 -27.6890824570991
-19.9128489918254 -27.6849014639505
-19.9080239335764 -27.6847466423039
-19.9031980154392 -27.6846214585121
-19.8981874952551 -27.695524357134
-19.8934279580925 -27.6954593842939
-19.8886681116467 -27.6954236451912
-19.8839064309325 -27.6944171555016
-19.8791403628318 -27.6944399161459
-19.8743045847498 -27.6894924429336
-19.869508450755 -27.6895742698643
-19.8646866393453 -27.6886858509186
-19.8599181427688 -27.6898262867538
-19.8550857822212 -27.6889971637041
-19.8501976036859 -27.6871990628813
-19.8453878387177 -27.6874289952832
-19.8405795766865 -27.6876884643533
-19.8357729989747 -27.6879774603038
-19.8308990774833 -27.687298382985
-19.8259396116623 -27.6856524926225
-19.8211208053861 -27.6860314439009
-19.8163044174737 -27.6864399845675
-19.8110221514293 -27.6819000995618
-19.8061805797667 -27.6823707428851
-19.8015538299477 -27.6848598970573
-19.7965065648325 -27.6834011930992
-19.7916744864944 -27.6839609611184
-19.7867217176775 -27.6835581548607
-19.7816301648654 -27.6821950970635
-19.7763817557655 -27.6798742747035
-19.7705310157662 -27.6736291030607
-19.7651937379879 -27.6713819215554
-19.7602884293193 -27.6721342359398
-19.7553878337979 -27.6729166639576
-19.750325384685 -27.6727431902144
-19.7454287172068 -27.6735867985832
-19.7398219111234 -27.6705249543774
-19.7345420269775 -27.6694675647812
-19.7279072158492 -27.6615737289765
-19.7225484748027 -27.6605944359211
-19.7139242922556 -27.6439835321647
-19.6896256890134 -27.5550825765919
-19.6016700258686 -27.1822564235765
-19.5900070648134 -27.167442477129
-19.5820099242197 -27.169280272322
-19.5740242219841 -27.171167150339
-19.5791901249049 -27.2265104484437
-19.5872273956045 -27.2904652215869
-19.5827448557558 -27.302966071493
-19.5853369842985 -27.3415719899664
-19.5855020122493 -27.3694870325315
-19.587072785129 -27.4012094289048
-19.5879235072617 -27.4290234832704
-19.5860197535667 -27.4462272055758
-19.5880379584904 -27.4758701222637
-19.5883633984122 -27.4987541867828
-19.5859778640898 -27.512050363648
-19.5843521658181 -27.5272441875154
-19.584450463097 -27.5471753919077
-19.5854132206656 -27.5689669476416
-19.5821322160121 -27.5774539743321
-19.5825435467434 -27.5963413719195
-19.5808440831155 -27.6085890495374
-19.5769118289766 -27.6142382284947
-19.5747603453287 -27.6245968333542
-19.5695712800704 -27.6265196494565
-19.561901497953 -27.621933105022
-19.5577817834393 -27.6267317120086
-19.5522386160882 -27.6278287721124
-19.5470698258081 -27.6298898530415
-19.5419137919336 -27.6319826411915
-19.5371553159965 -27.6350301240724
-19.5324213091997 -27.638104395846
-19.5273160043648 -27.6402869985063
-19.5222242011102 -27.6425009161753
-19.5151102358092 -27.6401793111435
-19.5100180013711 -27.6424681972245
-19.5020113889206 -27.6384303205303
-19.4964847342532 -27.6398940081736
-19.4909616190212 -27.6413942330468
-19.4823971044899 -27.636628047928
-19.4772836756345 -27.6391179211584
-19.4708474990402 -27.638954165891
-19.463942411418 -27.6379459206525
-19.4565523695186 -27.6361018158854
-19.4514361960798 -27.6387504343338
-19.4449326685895 -27.6387790673256
-19.4398331576764 -27.6414990021
-19.4294845019947 -27.6345926021776
-19.4214549090893 -27.6321574062099
-19.4158257060644 -27.6341496555807
-19.410698310856 -27.6370484491796
-19.405088676514 -27.6391127501999
-19.3954428662543 -27.6343117182827
-19.3872523874339 -27.632177320915
-19.377985279784 -27.6283990009062
-19.372823278466 -27.6315303143751
-19.3671541144176 -27.6338431083961
-19.3598989070421 -27.6336531320422
-19.3536956940024 -27.6352081135567
-19.3442394038917 -27.6317658722598
-19.2072174888287 -27.4333908049961
-19.1644055542411 -27.3825564615045
-19.1577376456858 -27.387004193247
-19.1510971803375 -27.3914927946008
-19.1535663547659 -27.4091947684526
-19.1527889177549 -27.4219064485998
-19.1544505439333 -27.4378523181891
-19.1527839973148 -27.4488617013932
-19.1559263417114 -27.4663251579346
-19.1539214948964 -27.4764616779303
-19.1478305387724 -27.480972030324
-19.152612064025 -27.4998861091229
-19.1484871308452 -27.5067873318376
-19.1487049236757 -27.5192372050443
-19.1441109407429 -27.5253525641175
-19.1451614367362 -27.5385362928953
-19.147599054192 -27.5532296374397
-19.1419797170084 -27.557777373552
-19.1472042733187 -27.5754750204202
-19.1430034651372 -27.5815598991652
-19.1394952004848 -27.5884262249946
-19.1347425548016 -27.5937827531937
-19.1333024904003 -27.6029425528192
-19.1279887536936 -27.6075771590667
-19.1227035824132 -27.6122443142381
-19.1174471759319 -27.6169438422741
-19.1122197325375 -27.6216755658942
-19.1063435364576 -27.6257041008696
-19.1011701069627 -27.6305038564926
-19.0946525509668 -27.6338817366127
-19.0895295680492 -27.6387531426373
-19.074000565854 -27.6328814733402
-19.0646709899638 -27.6335956469927
-19.0539107471967 -27.6329736145749
-19.0452386951047 -27.6345684896363
-19.0322759487859 -27.6320324654884
-19.026425372909 -27.6365904704386
-19.0119378367284 -27.6328825673322
-19.0017285372722 -27.6334479230416
-18.9922235543378 -27.634790483931
-18.9790301085501 -27.6328245802899
-18.9694717864799 -27.6343607688926
-18.9569277021473 -27.6333041222256
-18.9398558999266 -27.6283795560776
-18.9279446940225 -27.6282571160915
-18.8593825841422 -27.57905752924
-18.7545155579105 -27.5000619368456
-18.7485770851809 -27.5070249479291
-18.7426814904472 -27.5140243010737
-18.7499316083252 -27.5318913639011
-18.7441887146166 -27.5388819287068
-18.7416028508822 -27.548418147024
-18.7359616198056 -27.5554595543483
-18.7374392094928 -27.5680977514801
-18.7319189267421 -27.5751643602078
-18.7319979542023 -27.5865229816014
-18.7210090870189 -27.5893986247169
-18.7196254487368 -27.5995583786456
-18.7102749174191 -27.6037658266681
-18.7041657845495 -27.6104099329169
-18.6907860744599 -27.6118434514488
-18.6847197510433 -27.6186170783064
-18.6573950296587 -27.6105180707056
-18.6414428584625 -27.6106836156651
-18.623794654308 -27.6098858827196
-18.6077492423985 -27.6103897261274
-18.5858322396047 -27.6071850240841
-18.5629919402657 -27.6036692674325
-18.5291442368002 -27.5933419009225
-18.449598918241 -27.5543510921976
-18.4186110005739 -27.5472041151679
-18.4129684051785 -27.556229322973
-18.4073813479655 -27.5652890166995
-18.4044178363395 -27.5759339287436
-18.3998111236031 -27.5855575659941
-18.4082004212575 -27.6028013482365
-18.4046301541184 -27.6128918011395
-18.4028648363609 -27.6239850482514
-18.3976941173339 -27.6331055189209
-18.389956312917 -27.6408021602286
-18.3848891260688 -27.6500015963195
-18.3701949620155 -27.6540138202866
-18.3616764620279 -27.6614585597742
-18.3266098349241 -27.6550713484632
-18.3162979683846 -27.6619111041582
-18.291744250549 -27.6616051829467
-18.2787563766484 -27.6673832993991
-18.2523217644055 -27.6666663451815
-18.2249186171209 -27.6658080921827
-18.1974440700728 -27.6652564929862
-19.8852291718404 -28.4704160510413
-19.8852291718404 -28.4704160510413
-19.8852291718404 -28.4704160510413
-19.8852291718404 -28.4704160510413
-19.8852291718404 -28.4704160510413
-19.8852291718404 -28.4704160510413
-19.8852291718404 -28.4704160510413
-19.8852291718404 -28.4704160510413
-19.8852291718404 -28.4704160510413
-19.8852291718404 -28.4704160510413
-19.8852291718404 -28.4704160510413
-19.8852291718404 -28.4704160510413
-19.8852291718404 -28.4704160510413
-19.8852291718404 -28.4704160510413
-19.8852291718404 -28.4704160510413
-19.8852291718404 -28.4704160510413
-19.8852291718404 -28.4704160510413
-19.8852291718404 -28.4704160510413
-19.8852291718404 -28.4704160510413
-19.8852291718404 -28.4704160510413
-19.8852291718404 -28.4704160510413
-19.8852291718404 -28.4704160510413
-19.8852291718404 -28.4704160510413
-19.8794931151068 -28.4686560357645
-19.8794824134928 -28.4686912991403
-19.8794719286642 -28.4687266275789
-19.8794616610163 -28.4687620197478
-19.8852291718404 -28.4704160510413
-19.8852291718404 -28.4704160510413
-19.8852291718404 -28.4704160510413
-19.8852291718404 -28.4704160510413
-19.8852291718404 -28.4704160510413
-19.8852291718404 -28.4704160510413
-19.8852291718404 -28.4704160510413
-19.8852291718404 -28.4704160510413
-19.8852291718404 -28.4704160510413
-19.8852291718404 -28.4704160510413
-19.8852291718404 -28.4704160510413
-19.8852291718404 -28.4704160510413
-19.8852291718404 -28.4704160510413
-19.8852291718404 -28.4704160510413
-19.8852291718404 -28.4704160510413
-19.8852291718404 -28.4704160510413
-19.8852291718404 -28.4704160510413
-19.8852291718404 -28.4704160510413
-19.8852291718404 -28.4704160510413
-19.8852291718404 -28.4704160510413
-19.8852291718404 -28.4704160510413
-19.8852291718404 -28.4704160510413
-19.8852291718404 -28.4704160510413
-19.8852291718404 -28.4704160510413
-19.8852291718404 -28.4704160510413
-19.8852291718404 -28.4704160510413
-19.8852291718404 -28.4704160510413
-19.8852291718404 -28.4704160510413
-19.8852291718404 -28.4704160510413
-19.8852291718404 -28.4704160510413
-19.8852291718404 -28.4704160510413
-19.8852291718404 -28.4704160510413
-19.8852291718404 -28.4704160510413
-19.8852291718404 -28.4704160510413
-19.8852291718404 -28.4704160510413
-19.8852291718404 -28.4704160510413
-19.8852291718404 -28.4704160510413
-19.8852291718404 -28.4704160510413
-19.8852291718404 -28.4704160510413
-19.8852291718404 -28.4704160510413
-19.8852291718404 -28.4704160510413
-19.8852291718404 -28.4704160510413
-19.8852291718404 -28.4704160510413
-19.8852291718404 -28.4704160510413
-19.8852291718404 -28.4704160510413
-19.8852291718404 -28.4704160510413
-19.8852291718404 -28.4704160510413
-19.8852291718404 -28.4704160510413
-19.8852291718404 -28.4704160510413
-19.8852291718404 -28.4704160510413
-19.8852291718404 -28.4704160510413
-19.8852291718404 -28.4704160510413
-19.8852291718404 -28.4704160510413
-19.8852291718404 -28.4704160510413
-19.8852291718404 -28.4704160510413
-19.8852291718404 -28.4704160510413
-19.8852291718404 -28.4704160510413
-19.8852291718404 -28.4704160510413
-19.8852291718404 -28.4704160510413
-19.8852291718404 -28.4704160510413
-19.8852291718404 -28.4704160510413
-19.8852291718404 -28.4704160510413
-19.8852291718404 -28.4704160510413
-19.8852291718404 -28.4704160510413
-19.8852291718404 -28.4704160510413
-19.8852291718404 -28.4704160510413
-19.8852291718404 -28.4704160510413
-19.8852291718404 -28.4704160510413
-19.8852291718404 -28.4704160510413
-19.8852291718404 -28.4704160510413
-19.8852291718404 -28.4704160510413
-19.8852291718404 -28.4704160510413
-19.8852291718404 -28.4704160510413
-19.8852291718404 -28.4704160510413
-19.8852291718404 -28.4704160510413
-19.8852291718404 -28.4704160510413
-19.8852291718404 -28.4704160510413
-19.8852291718404 -28.4704160510413
-19.8852291718404 -28.4704160510413
-19.8852291718404 -28.4704160510413
-19.8852291718404 -28.4704160510413
-19.8852291718404 -28.4704160510413
-19.8852291718404 -28.4704160510413
-19.8852291718404 -28.4704160510413
-19.8852291718404 -28.4704160510413
-19.8852291718404 -28.4704160510413
-19.8852291718404 -28.4704160510413
-19.8852291718404 -28.4704160510413
-19.8852291718404 -28.4704160510413
-19.8852291718404 -28.4704160510413
-19.8852291718404 -28.4704160510413
-19.8852291718404 -28.4704160510413
-19.8852291718404 -28.4704160510413
-19.8852291718404 -28.4704160510413
-15.8723316094693 -29.7302144133161
-15.9696548779548 -29.726131725446
-16.0582194628239 -29.7237033796828
-16.1257390925514 -29.7272104367942
-16.18369053549 -29.7331649148104
-16.2557381402032 -29.7335253833299
-16.3295327913014 -29.7323804177812
-16.3975321576787 -29.7324189662649
-16.4578896609265 -29.7344388858701
-16.5228187268425 -29.7340068736487
-16.5866774278328 -29.7331831911759
-16.6215142760504 -29.7428844775063
-16.6665690784255 -29.7481470918232
-16.7254710460598 -29.7472849400123
-16.7657425128761 -29.7533552399484
-16.8234952078029 -29.7516450524555
-16.86638595342 -29.7555415405366
-16.899113172467 -29.763330763914
-16.9638539578086 -29.7566632359887
-16.993714385958 -29.7647759874109
-17.046318499964 -29.7622165087764
-17.0824430331985 -29.7666159685733
-17.1167030686114 -29.7714716869531
-17.1671598015138 -29.7682000868679
-17.2120715569536 -29.7669770877789
-17.2425117047908 -29.7723227196362
-17.2979567265076 -29.7648159204758
-17.3300275629037 -29.7684537020809
-17.3718210557212 -29.7667046108122
-17.4117234640843 -29.765419457433
-17.449747865598 -29.764632243928
-17.4938292623169 -29.7601046994195
-17.5281125615116 -29.7603658485388
-17.5544392186351 -29.7646242550896
-17.5946688701408 -29.7607553425085
-17.6234749883679 -29.7628916264073
-17.6582761270904 -29.7612129967603
-17.6869358098549 -29.762703661211
-17.7249775661345 -29.758258637584
-17.7517554366896 -29.7601210458297
-17.7784737798235 -29.7617036563685
-17.8042812722358 -29.7635347898977
-17.835953645409 -29.7613671109417
-17.8683629568678 -29.7583214331979
-17.888903712945 -29.7625339875901
-17.9119279095 -29.7648977072396
-17.9424001577414 -29.7620449746665
-17.9594927458959 -29.7678070259593
-17.98731894709 -29.766078517065
-18.0191627073641 -29.761213166204
-18.032039311942 -29.7692064094
-18.062066178776 -29.7649325529329
-18.0797927699793 -29.7690985978995
-18.1007343244447 -29.7707402214742
-18.1224319542946 -29.7715801251299
-18.1496785362044 -29.7680112232234
-18.1728279277164 -29.767175854288
-18.1974878697745 -29.7648884126157
-18.2102086207916 -29.7715491618415
-18.2300207470946 -29.7725381075032
-18.2552565082272 -29.768971239304
-18.2655977243243 -29.7770741345969
-18.2984352169057 -29.7667516735537
-18.3095091388718 -29.7739235077685
-18.3221444421486 -29.7797239857195
-18.3492813143788 -29.7731289486743
-18.36565664238 -29.7753713804525
-18.378227921413 -29.7807429657976
-18.4028171274954 -29.7754371603852
-18.4280302373856 -29.769213886137
-18.4412317560029 -29.773449691088
-18.4566449268952 -29.7755491074731
-18.4779021868071 -29.7720765172412
-18.4917629519366 -29.7752275482597
-18.5063347958595 -29.7775697001141
-18.5237686256428 -29.7770125832095
-18.5332537037646 -29.7839562092347
-18.5456244510324 -29.7880276958162
-18.5700404688947 -29.7800018328466
-18.584446963811 -29.7816654926816
-18.5974243563215 -29.7846302192649
-18.6173437618693 -29.7802999599886
-18.6330145971777 -29.780111737197
-18.6458884974036 -29.7826888632568
-18.6553359536124 -29.7888135651981
-18.6729434953371 -29.78604691165
-18.690470218695 -29.7831141817756
-18.6992237696125 -29.7896837867386
-18.7133246048545 -29.790213405255
-18.7267276650458 -29.7913716030632
-18.7374815678329 -29.7954386655659
-18.754742485429 -29.7918248209146
-18.766106737257 -29.7949239888734
-18.7813104923116 -29.7933267509293
-18.7945442276929 -29.7939081995252
-18.8102681022455 -29.791274837107
-18.8190274052261 -29.7970727012465
-18.8346553565415 -29.7941965660865
-18.8458897648083 -29.796688574278
-18.8607868988396 -29.7943473605526
-18.8731873572537 -29.7950520576265
-18.8831488507262 -29.7988478875664
-18.8978970408681 -29.7961553345346
-18.9060581966819 -29.802194405744
-18.9154311454629 -29.8065645695867
-18.9329745513224 -29.7994895991685
-18.941732966197 -29.804496676653
-18.9585303625672 -29.7979666402918
-18.9678361701094 -29.8019863321255
-18.9782809547143 -29.8042878759497
-18.9876048981335 -29.8081723292578
-19.0002547686093 -29.8069898235385
-19.0101213765115 -29.8098884930305
-19.0189065140098 -29.8143975838624
-19.0309337366028 -29.8137863325298
-19.046109200361 -29.8079955955472
-19.0574975765319 -29.8080219859669
-19.0667705508975 -29.8113734692446
-19.0755377405833 -29.8155182593692
-19.0858562651452 -29.8170263441903
-19.0971730691104 -29.8167324226105
-19.1059567256962 -29.8206810258731
-19.1187152888109 -29.8176193352016
-19.129939194148 -29.8170686197801
-19.1459653599525 -29.8076794402034
-19.1556279076299 -29.8095602875346
-19.1695428129959 -29.803443594313
-19.1786788613421 -29.8060461537018
-19.1882819788202 -29.8077001117547
-19.2024457615165 -29.8003905565412
-19.2119809110219 -29.8018818172732
-19.2206170841436 -29.8050965149258
-19.2305880173304 -29.8055618405772
-19.2414090092142 -29.8041539537441
-19.2543338139776 -29.7981476246439
-19.2625004832576 -29.8019974659499
-19.2706906437697 -29.8057970759293
-19.2797289081442 -29.8077243888091
-19.2908019480246 -29.8050236801208
-19.2994114251475 -29.8077333952229
-19.3092185451649 -29.8076325701601
-19.3193922497561 -29.8065409896586
-19.3279935613522 -29.8090678402258
-19.3362259119638 -29.8124650661401
-19.3455977739618 -29.8130280693481
-19.3556902406651 -29.8116664419575
-19.366468557618 -29.8083669481372
-19.3746958777362 -29.8115278784141
-19.3850426248425 -29.8090177376681
-19.3970604852996 -29.8017370577393
-19.4055850169118 -29.8037692080857
-19.4141160829894 -29.8057469021118
-19.4223264123909 -29.8086152363651
-19.4311963919118 -29.809539022184
-19.4406907754245 -29.8085064277179
-19.4489175522651 -29.8112114913178
-19.4580715782249 -29.8110075520975
-19.4666111396203 -29.8126511251074
-19.4771977970282 -29.807545340157
-19.4854179824049 -29.8100262000938
-19.4936532498833 -29.8124565258354
-19.5030000909176 -29.8109894651415
-19.5112409430301 -29.8133117854923
-19.5202829959767 -29.8126885192565
-19.5285339574957 -29.8149046580104
-19.537800319447 -29.8131976510523
-19.5465431485441 -29.8133669367467
-19.5547977815162 -29.8154217759665
-19.5630648793717 -29.8174258774536
-19.5715707726219 -29.8184051395819
-19.5820623298118 -29.8105526355234
-19.5905136685276 -29.8114126367247
-19.5993813925601 -29.8102635747467
-19.6076159684412 -29.8119939462816
-19.6160576450036 -29.8126931836203
-19.6243068287142 -29.8143210857672
-19.6327504243225 -29.8149154246179
-19.641012941922 -29.8164407597821
-19.6492846721052 -29.8179153187743
-19.6587302444304 -29.8124366924697
-19.6677788550814 -29.8088672224333
-19.6761578680248 -29.8091894604016
-19.6842361668521 -29.8114373000918
-19.6924763511239 -29.8126464815431
-19.7005877343668 -29.8147957760386
-19.7088482375835 -29.8159044647584
-19.7167437475778 -29.8199391893094
-19.7250355363007 -29.8209485527022
-19.7333333680178 -29.8219069698754
-19.7418480920507 -29.8208256091924
-19.7502443173302 -29.8206857998208
-19.7586334238285 -29.8204937136387
-19.7669278282706 -29.8212457851562
-19.7755511822889 -29.8179601341022
-19.783604715265 -29.8215997992839
-19.7921120561925 -29.8192057010453
-19.8005234142292 -29.8177560226152
-19.8090266672407 -29.814257329284
-19.8172818180571 -29.8147000091134
-19.8255395320556 -29.8150919784374
-19.8337994977301 -29.8154332224696
-19.8420614034893 -29.8157237283374
-19.8502471416592 -29.8189624971969
-19.8585106234943 -29.8201516486853
-19.8668010431773 -29.8202902927568
-19.8750846487757 -29.8213780339769
-19.8833809210468 -29.8224149050177
-19.8916895467954 -29.823400672109
-19.899999295789 -29.8233354738928
-19.908325546288 -29.824219140642
-19.9166400084377 -29.8240517506552
-19.9249239459645 -29.8228336811384
-19.9331941112635 -29.8215650738255
-19.9414918033909 -29.8212449941261
-19.9497873731196 -29.8208739570244
-19.9580805075154 -29.820451976517
-19.966670973756 -29.8249700508202
-19.9749889474229 -29.8244442959844
-19.9833035350762 -29.8238674630588
-19.9916144230644 -29.8232395738033
-19.9999212978753 -29.8225606519039
-20.0082238461481 -29.8218307229715
-20.0168120014203 -29.8240356423112
-20.0249175663305 -29.8212125794764
-20.0334293019944 -29.8223172161907
-20.0420749473167 -29.824361581299
-20.0503877616017 -29.8233727156901
-20.0586943455991 -29.8223328124148
-20.0669943859592 -29.8212419107012
-20.0757058961867 -29.8230707635246
-20.0841556753656 -29.8228647664419
-20.0926100859292 -29.8226058454
-20.1009111635227 -29.8213066320878
-20.1098590134679 -29.8239025503421
-20.1190166305084 -29.8274247767165
-20.1273468073379 -29.8259632866514
-20.1358497102337 -29.8254339120154
-20.144167341911 -29.8238690727246
-20.152863098998 -29.8242152964582
-20.1611729251847 -29.8225459859393
-20.1696783002943 -29.8218041556286
-20.17797300038 -29.8200316136184
-20.188218472069 -29.8269918047612
-20.1965446843835 -29.825105293371
-20.2050890858668 -29.8241408109557
-20.214577081218 -29.827009590686
-20.2233867014626 -29.8269018872379
-20.2324551985128 -29.8277056850303
-20.2410387600225 -29.8265147687486
-20.2496207814539 -29.8252695786659
-20.258732179911 -29.8258980885155
-20.2681366253551 -29.8274282558816
-20.2764640109219 -29.8250508884538
-20.2864768179034 -29.8283764152774
-20.2953882116026 -29.8278009822586
-20.3043076161029 -29.8271671240939
-20.3144386585885 -29.8302894104945
-20.3227827436999 -29.8276276075122
-20.3320483310468 -29.8277640890197
-20.3403765737883 -29.8249941771521
-20.3493363245498 -29.8240651472271
-20.3579716262276 -29.8221329922931
-20.368952149705 -29.8267391119235
-20.3793235996417 -29.8293814601855
-20.3897456363075 -29.8319472481791
-20.3980984832562 -29.8288228874147
-20.4096626016876 -29.8340475355962
-20.4180279726877 -29.8308008075813
-20.4263732448863 -29.8275027616896
-20.4350741671802 -29.8250800379218
-20.4452928994264 -29.8262987868217
-20.4539974227065 -29.8237551942002
-20.4685883422672 -29.8349483283639
-20.4769581343998 -29.8313396684587
-20.4853056047049 -29.8276796703492
-20.4944503754842 -29.8257926431468
-20.5031790342432 -29.8229349189504
-20.5110532226091 -29.8182069988059
-20.5197461198878 -29.8152422714633
-20.5279939148456 -29.8113197782504
-20.547162110075 -29.8298236569728
